i_doc,doc,Topic 1,Topic 2,Topic 3,Topic 4,Topic 5,Topic 6,Topic 7,Topic 8
0,GTEX-111CU-1426-SM-5GZYP,0.9984749519923299,0.0003437534017771916,1.1461715332200413e-05,0.001072287995189331,1.7822035941857255e-05,2.4114712446803812e-05,3.795152896178576e-05,1.765661802086092e-05
1,GTEX-111FC-0226-SM-5N9B8,0.7292263172258092,0.08864588644024589,0.0007266638056851604,0.01902553710832636,0.02176358498216937,0.0009695615073200271,0.13231723615872448,0.007325212771719538
2,GTEX-111YS-0006-SM-5NQBE,2.0867922007359467e-05,9.761668275809377e-06,0.4631023601421716,3.139680353279065e-05,3.970988144462442e-06,4.200963238137732e-06,0.5368197911577287,7.650354901220038e-06
3,GTEX-111YS-0326-SM-5GZZ3,5.482711039238626e-05,9.52038380076019e-05,1.4264910099093265e-05,2.5693894658233042e-05,0.0003458949201703855,0.9904377669505307,1.634171755059785e-05,0.009010006658591203
4,GTEX-111YS-2426-SM-5GZZQ,0.9048262072986898,0.021918848654844832,0.0005667966456288754,0.009076809715822845,0.0013194124037104501,0.0002679176612298469,0.06147755432643249,0.0005464532936407719
5,GTEX-1122O-0005-SM-5O99J,0.00038869566548411616,6.4628063425859e-05,0.12564644633383973,0.00011547839804316782,4.941144632558256e-06,8.46403647092591e-06,0.8737610320046345,1.031435346910536e-05
6,GTEX-1122O-0426-SM-5H12G,0.9234743476470588,0.0393114572485566,0.0001949014574645028,0.011471592491388512,0.004470350414257967,0.0014395227805809963,0.015334598654677236,0.004303229306015312
7,GTEX-1122O-0626-SM-5N9B9,0.00012354143961325586,0.0003225071988028246,1.8101697747240027e-05,2.6167608754192283e-05,0.00021359533903188868,0.9971637030715057,3.1081734378125866e-05,0.0021013019101667843
8,GTEX-1122O-1026-SM-9WYSF,0.0015440134919610612,0.0011922040407949144,1.6622429327714504e-05,0.9967862642584673,0.00021933467827127474,3.2658205292984914e-05,0.00016363830147110187,4.5264594413756e-05
9,GTEX-1122O-1526-SM-5N9CL,0.9982185891704488,0.0011629310109709191,1.5715286936003835e-05,0.00046936419335209535,1.610449204606712e-05,1.7989248334436663e-05,8.422444043202291e-05,1.5082157479515658e-05
10,GTEX-1122O-2426-SM-5GIDN,0.0013155453480427827,0.0003129609478017651,3.0646165136245076e-05,0.0006524651727366642,0.986918068189789,0.0004506854967110757,5.402373429302635e-05,0.010265604945489499
11,GTEX-1128S-0005-SM-5P9HI,0.04774628654348406,7.82261291822406e-05,0.5604032216832933,7.045577691815271e-06,4.543824405209116e-06,6.151153843778079e-06,0.3917493313350558,5.1937530438416e-06
12,GTEX-113IC-0006-SM-5NQ9C,0.02472921131937044,0.00020273968338198846,0.3614869576627551,8.903597010478047e-05,7.060530035814109e-05,1.1337898377898487e-05,0.6133896984437063,2.0413721945382334e-05
13,GTEX-117YX-1226-SM-5H11S,0.0072476945949545716,0.9870625658912657,5.451797469566557e-05,0.004896565303519121,0.00022302220240487833,6.150535735949314e-05,0.0002877290094551313,0.00016639966634536
14,GTEX-117YX-2326-SM-5H12W,0.004771762766548221,0.004374157877145107,2.0110272419430312e-05,0.9899903524916425,0.00033121894140225865,3.6420141108833284e-05,0.00039616348783359605,7.981402190004939e-05
15,GTEX-11DXX-2726-SM-5PNXO,0.0007796226454061437,0.0001951225007682677,2.3853647496757058e-05,0.0016990374502715998,0.8593307425855828,0.00026679900710422706,2.6915320791799044e-05,0.13767790684257833
16,GTEX-11DXY-0006-SM-5NQ8N,0.00037050549537454415,1.6144609658660178e-05,0.8222274600248866,4.775830126028345e-06,2.7423598010426498e-06,3.583598556179218e-06,0.177371243812792,3.5442688049679228e-06
17,GTEX-11DXY-0826-SM-5EGGR,0.0105301905467482,0.0048154732938901065,0.042982237186173354,0.004709822217227946,0.01731874536392986,0.00818893773993887,0.015104842039185391,0.8963497516129064
18,GTEX-11DXZ-2426-SM-5N9DT,0.0003113068349085915,0.00033789017343751715,2.4077821392112408e-05,3.184405195950125e-05,0.992477863823008,6.564755265576836e-05,2.8138837786907943e-05,0.006723230904851503
19,GTEX-11DYG-0011-R5a-SM-DO928,0.0004268559537638999,0.997203834371082,0.00021093902626500332,3.201045108121776e-05,0.0003425228371416537,8.744761276239264e-05,0.0001196593465084349,0.001576730401395241
20,GTEX-11DYG-1326-SM-5N9DO,0.05529448038609665,0.004116669005835761,0.0002718795958700307,0.9345997517107013,4.978130422498061e-05,4.4640516357309415e-05,0.005578616182604722,4.418129830920354e-05
21,GTEX-11DZ1-0011-R8b-SM-DNZZI,0.0003194701067013694,0.9932193536935976,0.001177760553109562,0.00010056119802705515,8.217951291738466e-05,0.0001331296877110307,0.004929835932343195,3.770931559259545e-05
22,GTEX-11EI6-0726-SM-59866,0.035667295438835823,0.8473415642299953,0.07535379032753926,0.003882666030175537,0.00011089933596537975,0.00021940791921775781,0.03734447312272456,7.99035955463642e-05
23,GTEX-11EM3-0001-SM-5Q5BD,0.9932959639194266,0.00017439229618269493,1.9346125191336966e-05,2.1896306432188243e-05,2.9196543897892283e-05,2.740531691785075e-05,0.0064047900496410634,2.700944231034147e-05
24,GTEX-11EMC-0011-R8b-SM-DO91Z,0.0001213991083909592,0.9431565109299362,0.049032657167839666,4.064768057500656e-05,4.8144208592643916e-05,4.038010324739577e-05,0.007512640062881553,4.762073853659377e-05
25,GTEX-11EMC-0926-SM-59863,0.6528917279652848,0.012793635966882998,0.24825416118938945,0.0024871501826547954,0.0003043297482252345,0.001495120965123598,0.08109613002240074,0.0006777439600384404
26,GTEX-11EMC-2226-SM-5A5JW,0.0009059827820524461,0.00017217418233007824,0.006990652763618081,0.9836383490746284,9.855393512612615e-06,1.826806800313422e-05,0.00825021856928431,1.449916657094369e-05
27,GTEX-11EQ8-0006-SM-5P9HJ,0.11125414064184146,5.1223558274620194e-06,0.7413150359167209,2.7618170611620585e-06,2.5714236587087422e-06,3.6636724711802426e-06,0.14741331141241362,3.3927600054089903e-06
28,GTEX-11EQ9-1426-SM-5987G,0.4916560797984992,0.2901001125115266,0.00019428005544508693,0.027773274481885074,0.0031982944282536,0.0048049107489924,0.18053157768762837,0.0017414702877697106
29,GTEX-11GS4-0226-SM-5HL77,0.006641105842397414,0.0021237159737868437,3.933306465530936e-05,0.9896653365632189,0.00027825674610574094,4.008410116750321e-05,0.001172598126786529,3.9569581881861976e-05
30,GTEX-11GS4-0526-SM-5A5KQ,0.06737583289365474,0.0032965476792050827,0.026685060647075043,0.000795788132433424,0.010676838348926883,0.003952132610542675,0.014082526058285659,0.8731352736298764
31,GTEX-11GS4-2926-SM-5A5LF,0.7667105671974791,0.07520001884367167,0.010291177194539314,0.006212667528255941,0.0011874684867451799,0.001387962296046751,0.13809621921065626,0.0009139192426059822
32,GTEX-11GSP-0011-R1a-SM-9QEJ3,0.00015522259950967693,0.9871777179710313,0.009088392422338415,5.421287853022685e-05,0.00025567366629920216,5.2438146903414165e-05,0.003154341442135506,6.200087325235891e-05
33,GTEX-11GSP-0011-R5a-SM-57WBE,0.0007039894251892664,0.994127353232898,0.0017785696504499236,7.410072960439448e-05,0.00014433038627870257,3.3439969720907173e-05,0.0030939985934466236,4.4218012412221054e-05
34,GTEX-11GSP-1726-SM-5A5LI,0.22565423398724593,0.25128971358663005,0.34859480512796487,0.04276589034877928,0.00580297248391295,0.001988591232116618,0.11242399855007104,0.01147979468327923
35,GTEX-11I78-0001-SM-5Q5BE,0.9724353755336147,0.0008402690002789699,2.6411345779791686e-05,7.301827834854663e-05,3.644615964869108e-05,3.965670338008219e-05,0.026509350381651003,3.9472597298271076e-05
36,GTEX-11LCK-0926-SM-5A5KA,0.0009042878929743762,0.0003635886586627386,3.701086619535113e-05,0.0002916776372713841,0.012607826745343479,0.008364435836179934,0.00013777371056923051,0.9772933986528035
37,GTEX-11NSD-0008-SM-5Q5BC,0.9716351282957759,0.017076341070574225,9.680717629760798e-05,0.009140759461299193,0.000597397188296186,0.00026212439361555316,0.0006884619199194126,0.000502980494222058
38,GTEX-11NSD-1626-SM-5986U,0.986559481809353,0.011501705037981627,3.0240477457400973e-05,0.001001884949543743,5.673877180837773e-05,0.0002386840645519024,0.0005543201030868577,5.69447862171649e-05
39,GTEX-11NV4-0526-SM-5N9BF,0.9147173117250945,0.04142959526354094,0.000484765575898635,0.03359017340967263,0.0034384414054412222,0.0008410371588252345,0.004979924499345123,0.0005187509621818561
40,GTEX-11OF3-2526-SM-5P9JL,1.9663913117087657e-05,3.807294908243858e-05,1.3922165673451808e-05,1.532723282061793e-05,0.8528412754179034,1.356365634192858e-05,1.4378958738093806e-05,0.14704379570632287
41,GTEX-11ONC-0126-SM-5PNW6,0.002975269729833279,0.0018864747873256877,0.25612801558662596,0.0002341914610882422,0.011229233384224007,0.009612374291690314,0.044911439600172895,0.6730230011590396
42,GTEX-11ONC-2026-SM-5HL61,0.41425414052745524,0.2838123714306739,0.18918626975295036,0.014871262875854595,0.004713179936964773,0.0008877423937170275,0.0910004392863298,0.001274593796054327
43,GTEX-11P7K-1226-SM-5HL4X,0.39850663601761693,0.33479986609845225,0.00021535430494370005,0.00792728347877185,0.027706624379356795,0.011296018603971336,0.010612293342900026,0.20893592377398712
44,GTEX-11P81-1126-SM-5GU5G,0.5257101227844867,0.4372262556735363,0.0001811443346680485,0.014175740296251045,0.006182463175319391,0.0006129058669488425,0.014321300850083886,0.0015900670187058309
45,GTEX-11P81-2726-SM-59876,0.8729495084829827,0.05379309573786421,0.006677672941319537,0.02368419133198241,0.012389093286509013,0.004965197791619036,0.021912613898096758,0.0036286265296263734
46,GTEX-11P82-0006-SM-5N9FY,0.01037744157527281,9.911864599017784e-06,0.5178766821598212,1.819568300423975e-05,3.0606792275273364e-06,3.4977816120192967e-06,0.4717067221517066,4.4881047564800815e-06
47,GTEX-11TT1-1126-SM-5P9GV,0.008794642166395363,0.9845380954278339,7.677888953256913e-05,0.0026384303582873835,0.0001237233822050156,0.0002066341272399663,0.0035545630102454865,6.713263826039639e-05
48,GTEX-11TT1-1326-SM-5PNYM,0.00024955606209467544,0.000800186247965458,4.341341370142383e-05,8.868937129392748e-05,0.004540341652444469,0.30118429303824035,8.070375697587291e-05,0.6930128164572839
49,GTEX-11TUW-0926-SM-5EQMW,0.9374291951196234,0.04072259168403872,0.0008677809838506903,0.009405161408795087,0.0004239902265779052,0.0008181817656647764,0.009978759095323236,0.0003543397161261943
50,GTEX-11TUW-1226-SM-5GU7C,0.47881210296815296,0.3188137806221516,0.002702098228588813,0.052624244629878296,0.023317752198803735,0.00687718277871547,0.11316861384083586,0.003684224732873091
51,GTEX-11TUW-2026-SM-5EQL8,0.537716862355926,0.3816946157773932,0.0006496374072014815,0.03405096558938313,0.008212221547968749,0.004714004375307908,0.029207391751709014,0.0037543011951104836
52,GTEX-11UD2-0626-SM-5GU6L,0.06729874569941229,0.8740522064969739,0.020069302898821046,0.008609423015810651,0.0003515329900233108,0.00015869405213685069,0.029242804250234785,0.00021729059658726256
53,GTEX-11VI4-1526-SM-5EQKC,0.9949827633259095,0.003813895809873659,2.7289737942790325e-05,0.0008868883061609354,5.222755654912586e-05,0.00010437925593483168,7.855406022323718e-05,5.4001947405922844e-05
54,GTEX-11VI4-1926-SM-5CVLI,0.0002792920315169241,0.00010579261529030191,2.0422614062296432e-05,0.00013582810750651495,0.9298714463508951,0.0005103220964106804,2.445921684758177e-05,0.06905243696747054
55,GTEX-11WQC-2426-SM-5EQKQ,0.8119729509479793,0.0892960257884392,0.003369745318395602,0.02224046399312041,0.0044196641888996,0.0014975727201825835,0.06382420265636872,0.0033793743866145733
56,GTEX-11WQC-2626-SM-5CVLF,5.823524610126483e-05,5.592050442323833e-05,1.1334441865516717e-05,2.6212382238432745e-05,0.7714803053920491,1.3148005491604349e-05,1.1869514762620573e-05,0.2283429745130682
57,GTEX-11WQK-0008-SM-5SI6T,0.9676452476596829,0.02513927999103738,0.0007614448290719433,0.003230734652401678,0.00013483316467846713,0.0003583397649130157,0.002460055574939074,0.00027006436327555914
58,GTEX-11ZTS-1126-SM-5LU9X,0.33100842057169594,0.5876779804710558,0.03896058468834042,0.005917743120468091,0.00015789049936665588,7.247627520495179e-05,0.03610060918264552,0.00010429519122273128
59,GTEX-11ZTS-2726-SM-5EQLU,0.2720387109801666,0.2752496281521382,0.1932685288690616,0.09272509290101326,0.010481604654825165,0.004145721051801967,0.14389454890536207,0.008196164485631098
60,GTEX-11ZTT-2626-SM-5EQKK,0.0007320891267562621,0.0004552198152591765,3.0459122110595857e-05,0.0009416566634283998,0.9885392463505611,0.00023344104785650137,4.771119333488992e-05,0.009020176680692885
61,GTEX-11ZU8-0005-SM-5PNU5,2.4329016862986325e-06,2.409896955858077e-06,0.9205832763358656,1.647577514232306e-06,1.5434319770723184e-06,1.6403797702594425e-06,0.07940528451024356,1.7649659870351415e-06
62,GTEX-11ZUS-0008-SM-5S2UO,0.9912374177633239,0.007759562532793384,5.408529206845157e-05,0.0005786177661526181,7.453037431757725e-05,6.335283266415465e-05,0.00011099560972873295,0.00012143782895125399
63,GTEX-11ZVC-0011-R1b-SM-5BC6M,0.0011351087609677041,0.9957666095054016,0.000641736519177797,0.0005711761785975813,0.00033049557001540704,7.581292244952976e-05,0.0012679374063406124,0.00021112313704984436
64,GTEX-1211K-0006-SM-5MR53,0.0010367766954282051,1.797579394270114e-05,0.20059814990648625,1.2893069875184477e-05,3.991698063830786e-06,4.250425279119232e-06,0.7983208371581939,5.1252527307556255e-06
65,GTEX-1211K-1026-SM-5EQ4B,0.541015628327977,0.2788495601559187,0.00035097686681506316,0.039468301685206986,0.01646982471289554,0.0056540893943889566,0.11160475036669402,0.006586868490103747
66,GTEX-1211K-1826-SM-5EGJ2,0.5967309421483361,0.27710069646241636,0.00015462565935367564,0.009404709147802703,0.0023727791688244945,0.0013254078328703452,0.1114233511156319,0.0014874884647643955
67,GTEX-1211K-2026-SM-5EQ4Z,0.005016567916663657,0.0033912974527004055,1.8686779936000146e-05,0.9902272744099284,0.00031715823913653685,0.0001331133798255099,0.0007957227054699044,0.00010017911633957146
68,GTEX-12126-0426-SM-5Q5AP,0.936028095799783,0.024774668258530315,0.0003708739144109157,0.004443000870882427,0.0016137043745007666,0.0006731381117187064,0.022163544355302555,0.009932974314871518
69,GTEX-12584-0226-SM-5EQL5,0.7904637707493881,0.026743217712362738,0.03591305171339946,0.020301348732491564,0.0008135521382470177,0.0013016323037843072,0.12392650254948287,0.0005369241008439642
70,GTEX-12696-0008-SM-5TDBX,0.9379790982260657,0.05960737487270221,4.3730083895865654e-05,0.0015632988982304937,0.0001008200321045306,0.00010535493055644585,8.831348861481303e-05,0.0005120094678300589
71,GTEX-12696-2826-SM-5FQTY,0.009142867303629225,0.0006502758490606819,3.8582208990927805e-05,0.0002990444923236528,0.977475114272567,6.333439047393906e-05,0.00016944225439329471,0.012161339228561373
72,GTEX-1269C-0005-SM-5N9CJ,8.358292530648081e-05,5.524108531801966e-06,0.8704422323916755,2.783380807932469e-06,2.0139570263073415e-06,2.9189761322314523e-06,0.129458317814177,2.626446342767142e-06
73,GTEX-1269C-0226-SM-5EGKS,0.23206494188248372,0.5728356021675063,0.11922964646854757,0.00579903316236272,0.0002991082150782626,0.0003307438853284414,0.0692663584155311,0.00017456580316189063
74,GTEX-12BJ1-0008-SM-5TDBZ,0.9598141733732849,0.01168278577145825,4.999785970582265e-05,0.0015660465264643222,0.026130611088041905,0.0001465722790935996,6.204923794700712e-05,0.0005477638640041889
75,GTEX-12KS4-0326-SM-5EQ41,0.0021281155106152474,0.002302670917949901,1.3772421891804583e-05,0.9946541117621444,0.00033822314335991456,0.00011555195661365678,0.000344872539167431,0.00010268174825785858
76,GTEX-12KS4-1026-SM-5FQTD,0.023836964900711567,0.035560640577133255,0.000288422657533615,0.9252926567700228,0.0023162913419384145,0.0004658374111882997,0.011732824936441498,0.0005063614050305181
77,GTEX-12WSA-0726-SM-5FQU2,0.016824523048324984,0.008432673728443262,0.00010608587868464368,0.005905407345160052,0.9661587491229665,0.0005353636622228675,0.0011726729290275012,0.0008645242851701127
78,GTEX-12WSC-0011-R9a-SM-5GU4U,0.0007276831338941095,0.9984448527063043,0.00018857752948230877,4.635733940493355e-05,7.350795544607934e-05,2.6872546421100163e-05,0.0004399019659375116,5.224682310951184e-05
79,GTEX-12WSD-0226-SM-59HKO,0.8650593811217986,0.03532423838382893,0.0022560169432862087,0.010978562951657451,0.0015796114138469839,0.0012576333691783138,0.08271031492922093,0.0008342408871826243
80,GTEX-12WSD-0526-SM-5EQ6F,3.223282218770617e-05,2.882110716404999e-05,1.414301404376348e-05,1.6439534669648555e-05,0.7785666989658084,1.4988529286559479e-05,1.4972957944243901e-05,0.2213117030688955
81,GTEX-12WSF-1526-SM-6PAN6,0.8696417238036004,0.023762793575347,0.009697021062559394,0.013215751350925118,0.0011519412746364922,0.0014184208933043516,0.08075952787239589,0.00035282016723150984
82,GTEX-12WSF-1626-SM-7KUG5,0.00043333247693111995,0.001624156914680951,1.4032425405791469e-05,0.9977652783822493,4.4706861318156875e-05,3.8175250987196615e-05,5.932099701083198e-05,2.0996691416584614e-05
83,GTEX-12WSG-1226-SM-5EQ4C,8.026716840678705e-05,0.0006312040678340044,2.2204556256367017e-05,4.569889951651517e-05,0.0003260200188933555,0.997204584164791,4.09044083213515e-05,0.001649116715980604
84,GTEX-12WSH-0005-SM-5NQ9P,0.024529716515154402,0.00011366018422714335,0.2814523089645293,4.041840432303058e-05,2.1989585844243057e-05,5.158969242675021e-05,0.6937732252390955,1.7091414399689147e-05
85,GTEX-12WSJ-1826-SM-5GCNY,0.0013859994154443707,0.0013195499215571068,1.3076808702661445e-05,0.9969195833807527,9.686615858001555e-05,2.7307929327292422e-05,0.00020560240093470673,3.201398470120682e-05
86,GTEX-12WSL-1626-SM-5GCMU,0.6535227811073291,0.2991619997365438,0.00019097492843021065,0.02313686733122923,0.0034254626258058024,0.0006540063545327502,0.018667984389942518,0.001239923526186655
87,GTEX-12WSL-2526-SM-5GCNJ,0.00487456624417681,0.00130963429267567,1.2277150144014454e-05,0.9933880041472455,5.780256389332298e-05,5.652414767337906e-05,0.0002695351271283977,3.165632706272324e-05
88,GTEX-12WSM-0011-R11a-SM-5DUX8,9.529527500883306e-05,0.9996968569793312,2.0265044077471456e-05,8.245480389690581e-05,3.057170685065802e-05,2.356398861742351e-05,2.5185206968181394e-05,2.5806995249358675e-05
89,GTEX-12WSM-0526-SM-5GCO8,0.9209934058481851,0.0339763460463573,0.018272075833907366,0.008939989421402846,0.0022210484378207378,0.000862247974941352,0.01321554721072873,0.0015193392266566834
90,GTEX-12ZZW-2426-SM-5DUWE,0.3883494651293596,0.5158628937744683,0.0009726608659494494,0.021115949534557282,0.002506514305765902,0.0022062814392084813,0.06845000927180049,0.0005362256788908111
91,GTEX-12ZZX-0011-R10b-SM-5DUWK,0.0001032567191433196,0.999621093373701,1.9686997197688767e-05,5.1638197725786254e-05,0.00011835543007493697,2.8945336671595975e-05,2.294420900188429e-05,3.407973648382333e-05
92,GTEX-12ZZX-0326-SM-5DUVH,0.00010757259512911985,0.00033486711131619376,1.3407455303264275e-05,5.618012348449944e-05,0.8979056810446884,1.669736921398008e-05,1.4361998962662875e-05,0.1015512323019021
93,GTEX-12ZZZ-0526-SM-5DUX6,0.7181650585888976,0.055515754395438516,0.015758627903978816,0.01741315163237479,0.0016642217597784067,0.0017372787971530568,0.18837791955918387,0.0013679873631948704
94,GTEX-12ZZZ-2426-SM-5GCNN,0.614450282557093,0.31914080671454353,0.029941473357588795,0.010399058805932107,0.0033056907228659433,0.0002912055847247409,0.021747672364807343,0.000723809892444487
95,GTEX-1313W-0011-R7b-SM-5DUWL,0.00018704120279402865,0.9986264382391565,0.00026542644341279653,6.125580208428793e-05,0.0005013874924284188,3.908898542954393e-05,0.00027860710428389266,4.075473041052592e-05
96,GTEX-1313W-0726-SM-5EGK1,0.004218930303723788,0.9570209800844062,0.02702080640885952,0.00038778897208648533,8.134504405142321e-05,5.894146429973159e-05,0.011154608248820565,5.659947375227328e-05
97,GTEX-131XE-0006-SM-5P9F9,0.0002482322477404361,1.3485385859803482e-05,0.7350640200947828,3.260641796409329e-05,1.0273180192924837e-05,9.71933537363586e-06,0.2645692045230478,5.245881503854123e-05
98,GTEX-131XE-0526-SM-5K7YT,9.267024097895053e-05,0.00016274800623524279,1.0329558052808466e-05,1.429987999700537e-05,0.0006011477572573225,0.9934158985750796,3.356787093368917e-05,0.0056693381114653815
99,GTEX-131XG-0006-SM-5O9CE,0.00013457074980855198,1.9098432031556843e-05,0.37166212119096115,0.00024013059092426573,4.183367902479217e-06,6.513545126451727e-06,0.6279113357005796,2.204642266587251e-05
100,GTEX-131XG-0226-SM-5IFG1,0.0672061406775042,0.9257704973583483,4.836233255969593e-05,0.0014585135904569939,0.0003520952626596888,0.0002583035361977121,0.002621368177711173,0.0022847190645621774
101,GTEX-131XH-0006-SM-5O98V,0.0005894115236707593,5.998855552760237e-06,0.878696443075668,6.076848266253855e-06,3.225362374025279e-06,7.691677900625986e-06,0.12067282779618639,1.8324860381184747e-05
102,GTEX-131XH-2226-SM-5DUXJ,0.0015152288320095146,0.0017621401966020486,8.366218171426298e-06,0.9956526873511078,0.00022853471008623224,8.568590541717314e-05,1.5802414696884832e-05,0.0007315543719088478
103,GTEX-131YS-2926-SM-5EGKI,0.4190165560693789,0.5223243436277909,0.0006308350844001076,0.02112316804531588,0.009843440256295584,0.0014416328356197437,0.023309710531825418,0.0023103135493735697
104,GTEX-131YS-3126-SM-5KLYT,0.0014403806315195836,0.9980284317651484,3.6367095249358645e-05,4.547591294728446e-05,0.00022501590812398612,4.71559027285976e-05,7.641739605828529e-05,0.0001007553882244054
105,GTEX-132AR-0008-SM-62LDH,0.9635276449037943,0.025540692744060754,8.132898128321806e-05,0.009173776181338565,0.0006394430781138898,0.00041763333156195204,0.00034731408720835457,0.0002721666926390171
106,GTEX-132AR-1126-SM-5P9GA,0.43326382005705155,0.5585976903446902,0.00036361330412453354,0.0007336909807124516,0.00011010060977946675,0.00014674459496400293,0.006738698712360209,4.564139631749322e-05
107,GTEX-132AR-1926-SM-5EGK5,0.00028034129259135146,6.936945872841137e-05,1.0899136279364052e-05,1.154280838631579e-05,2.6809928827029806e-05,0.9992746093471203,3.514604984788858e-05,0.0002912819782192907
108,GTEX-132NY-0326-SM-5IJBL,0.0010164741268661429,0.0018038610688733375,1.4735509422303371e-05,0.9965059278224598,0.0002787262236094516,0.0001681162281111277,0.00011537138700388837,9.678763365387023e-05
109,GTEX-132NY-1426-SM-5J1MJ,0.000618054483514265,0.0005737597569649021,0.0010684181874498816,4.9408911294375056e-05,0.00010042477790394281,0.9954110063276627,0.0011837101896757546,0.0009952173655341774
110,GTEX-132NY-1726-SM-5EGKK,0.00025216687955584093,0.0003240970453097428,3.2476413866342095e-05,4.559107965766888e-05,0.008892475861821054,0.0008319348991457083,0.0001359938283628394,0.9894852639922809
111,GTEX-1339X-2626-SM-5K7YX,0.8541033917298798,0.04319701426975445,0.004277669925496304,0.02736657112694117,0.0038373249393375557,0.007811047879230727,0.05742349871841902,0.0019834814109409528
112,GTEX-133LE-0326-SM-5P9G4,0.07164940017165915,0.8969747911216135,0.0001550001580156155,0.005662820680626193,0.00018976450282734083,0.00020691774997729472,0.025054019086631664,0.00010728652864912299
113,GTEX-133LE-1526-SM-5IFEN,0.9998648001005752,5.456256599619893e-05,8.421423336070232e-06,3.2936788918135705e-05,8.908412822525926e-06,8.56842908575243e-06,1.3002718898168215e-05,8.799560368022527e-06
114,GTEX-133LE-1826-SM-5J1MV,0.0005492035138048543,0.0011827479061504395,1.1803607496337195e-05,0.9978379586083073,0.0002550848983324524,6.325066928160426e-05,5.65896251476955e-05,4.336117147919671e-05
115,GTEX-1399R-2626-SM-5KLZ7,0.7726471459318217,0.05879036088005378,0.00011624738246748687,0.02432340131109033,0.0015522649117618984,0.0014651191919005367,0.14011436643702907,0.0009910939538749506
116,GTEX-1399S-0926-SM-5PNVQ,0.9298645305818422,0.004681746894985671,3.7717521043665365e-05,0.00025756204713693327,0.00020311031812221913,0.00011473160478070683,0.0645561661200349,0.0002844349120536974
117,GTEX-1399T-0426-SM-5PNVJ,0.025794246647358306,0.06429211203775104,0.1343824676099097,0.001404887306137946,0.0005431007407318769,0.0014622856910438038,0.03539364069368084,0.7367272592733864
118,GTEX-1399T-1326-SM-5PNVH,0.7332045425675605,0.0480175642778687,0.06935683987234496,0.01688844476012117,0.0027375033749348393,0.0012407882716650247,0.12798846362634683,0.0005658532491579717
119,GTEX-1399U-0626-SM-5J1NZ,0.923725970388861,0.03134364853885658,9.471882482690282e-05,0.004418950255457995,0.006244027719785567,0.001388100185141293,0.03224347148909078,0.0005411125979798605
120,GTEX-139T4-0326-SM-5K7XN,0.02396231620817073,0.01790428348422816,0.0002749976331309065,0.005090066384931045,0.9116064763560527,0.0020383388516170557,0.004189408868726124,0.034934112213143124
121,GTEX-139T6-0326-SM-5J2LY,0.014963305678438722,0.9595048658436071,0.009530723144876052,0.0006950056822690581,8.266230789270069e-05,6.36867826952436e-05,0.015036931475963862,0.00012281908425728616
122,GTEX-139T6-2026-SM-5IFFL,0.0021046632059274757,0.00015846770974152393,2.400148800278206e-05,0.0009638482559698733,0.8867530367743097,4.138399602915746e-05,3.529922970935875e-05,0.10991929934031021
123,GTEX-139YR-1226-SM-5IFEU,0.08961843487277295,0.8681193765369952,5.729285745122809e-05,0.0046503728398995135,0.005328442969130011,5.2950436457613553e-05,0.030093800683655948,0.002079328803637439
124,GTEX-13CF2-0011-R11b-SM-5LZXO,7.050975357110806e-05,0.9997220880257058,3.526090900337279e-05,3.103820694828227e-05,3.603085865127926e-05,2.429084896564126e-05,5.3933044526086655e-05,2.684835262839509e-05
125,GTEX-13CF2-0011-R1a-SM-5LZY1,0.0024966924988321267,0.9961559170332908,0.00021097551061913524,0.0001359151567928525,0.00013627435924747322,9.177357663942125e-05,0.0006422696133022838,0.0001301822512757826
126,GTEX-13CF2-0426-SM-5KM1H,0.0005291221051063498,0.0016099210098263473,0.0009625616862444295,0.00035481289937818686,0.011253646874755212,0.00755432324509377,0.0008759436683255582,0.9768596685112702
127,GTEX-13CF3-0926-SM-5LZZC,0.0995917354487417,0.8827463929553392,0.0002217080860171412,0.0012239103274564868,0.0006091138055845813,6.665575647440514e-05,0.015478015719257932,6.246790112858458e-05
128,GTEX-13CF3-1726-SM-5LU9E,0.6819540669276404,0.18798956326348118,0.001486862089142513,0.041357731035926396,0.005865394406771432,0.001240816446255256,0.07739045302080763,0.0027151128099750853
129,GTEX-13CF3-2426-SM-5IFGX,0.0028739399131627033,0.0013748964522892107,1.3416543994683946e-05,0.9954299292882542,0.00011288761761833887,1.6324511281414458e-05,0.00015300514846207654,2.5600524937379744e-05
130,GTEX-13D11-0626-SM-5LZYY,0.5341288232363972,0.4171597816467874,0.0003128673555562556,0.0062728742135400445,0.00373006004744587,0.0004003708454089366,0.03711006510800082,0.000885157546863403
131,GTEX-13FH7-0526-SM-5IJF8,0.008528915985387568,0.00013186478680582203,4.8224151426547995e-06,0.991206483622548,7.395011810549342e-06,5.025735434032277e-06,0.00010918692438659793,6.3055184848150995e-06
132,GTEX-13FH7-0826-SM-5J2NW,0.0015275695859395103,0.0003455642067023527,1.4556536055827627e-05,3.612512022721025e-05,0.00018282962151096937,0.9895260658021242,4.351009963764326e-05,0.008323779027802127
133,GTEX-13FH7-0926-SM-5J2MR,0.00020900366647233634,0.0006013560514336177,2.6734792138446168e-05,0.0008565663266319211,0.009846156062370203,0.0638556107781255,4.804388712529437e-05,0.9245565284357027
134,GTEX-13FH7-1526-SM-5J2N6,0.61570217704761,0.3494889650304558,0.0002149381244922275,0.008988717886535064,0.003944036151007836,0.0028337601523536105,0.014172556176048798,0.004654849431496698
135,GTEX-13FHO-2926-SM-5L3ES,9.462557771900578e-05,0.9957237462466874,0.002226797425904786,0.00010922628773637561,0.0002505184578862065,0.0004222702863428786,0.0009820590464609288,0.0001907566712625299
136,GTEX-13FLV-0011-R10b-SM-5LZZ2,0.00012686766049968277,0.9994729829476141,3.645176267122749e-05,4.1576341668118395e-05,0.00016710049737669338,3.307294032259219e-05,8.600658019712852e-05,3.59412696504903e-05
137,GTEX-13FLV-0011-R6a-SM-5KLZ4,0.00013267138961303333,0.9987966766907659,2.50195095769308e-05,4.1361615522049894e-05,0.0005581847758656728,0.00013886576606819906,3.408538435557177e-05,0.00027313486823262253
138,GTEX-13FTX-0005-SM-5N9F6,0.009611913610239968,6.037174214403138e-05,0.6549299781275206,3.550390205621566e-05,1.315659966661737e-05,7.169594818559982e-06,0.33533616856589443,5.737857659633806e-06
139,GTEX-13FTZ-0326-SM-5J1O1,0.08792716319116,0.006886610851503249,0.0008431181077078881,0.0004383793582241379,0.0002701659929795741,0.8953854724062278,0.0077712494152974345,0.00047784067689979294
140,GTEX-13FXS-0011-R9a-SM-5K7UI,0.0001363292319690489,0.9994003760821409,8.88894331398829e-05,1.5924323765859865e-05,1.5397399679025128e-05,1.3102840181617957e-05,0.0003166149756023825,1.33657135212571e-05
141,GTEX-13FXS-0726-SM-5LZXJ,0.7103981161816048,0.25682304038481213,0.013378424554506496,9.887257307415475e-05,3.448473575234753e-05,5.829314532563609e-05,0.019184712978243684,2.4055446680837198e-05
142,GTEX-13FXS-1026-SM-62LFQ,0.0010597243884426998,0.0034354167448243374,0.0038368268305468745,5.6203414725230487e-05,0.0005611380062715389,0.9879454177161444,0.0014189715723112897,0.0016863013267335097
143,GTEX-13G51-0011-R1a-SM-5LZYR,9.718122772539973e-05,0.9996767840530688,2.496384543558179e-05,2.4598099229983853e-05,2.763907146140116e-05,1.907006134147779e-05,0.00010858353584320841,2.1180105894098304e-05
144,GTEX-13G51-0011-R7b-SM-5LZXG,9.165355696324744e-05,0.9989063766019924,0.00033830510348196053,3.49267451639045e-05,0.0002785482633142185,2.8170764244562698e-05,0.000290667538671097,3.1351426168454284e-05
145,GTEX-13G51-2726-SM-5LZZ9,2.478187696054955e-05,6.48686312312251e-05,1.641566639311942e-05,1.7589549620965416e-05,0.6053577140990435,1.683278250316484e-05,1.6718169234663553e-05,0.39448507922501275
146,GTEX-13IVO-0011-R10a-SM-5LZY3,0.0004144709890929873,0.9891935810316757,0.005164834146908017,0.0001245304155930578,0.00029588869308639493,8.374497702184184e-05,0.004575729478614983,0.00014722026800709044
147,GTEX-13JUV-0011-R1a-SM-5LZY4,0.0006991901527625165,0.9985597509764346,5.1644348073156874e-05,2.2702739742952746e-05,6.452812384530108e-05,6.687974706411788e-05,0.000304204729990928,0.0002310991820863489
148,GTEX-13JUV-2026-SM-5K7UA,0.010802045384270913,0.009862706503206104,1.6927619852898653e-05,0.9781666250677997,0.0002878068743550033,0.0001290280323670896,0.00014002610348537678,0.0005948344146629509
149,GTEX-13N1W-0011-R4a-SM-5MR52,0.0002721216931270272,0.9979564992979648,0.0001878131936524338,7.430710632105236e-05,0.00021001437664206217,4.56872052266406e-05,0.001214666957225789,3.88901698402017e-05
150,GTEX-13N2G-0011-R2a-SM-5MR4Q,0.00023502300734353686,0.9992527357858623,3.699449175981351e-05,3.7046527731916256e-05,4.641940634655545e-05,3.1336007063583584e-05,0.00031176609398652223,4.867867990578399e-05
151,GTEX-13N2G-2226-SM-5IJCU,0.36207242837934644,0.4877896333307595,0.000395830914619956,0.07604460137647048,0.03859758008288247,0.0037021317885900166,0.02682873160320637,0.004569062524124791
152,GTEX-13NYB-0726-SM-5MR4J,0.8592198787739354,0.1396980246913363,0.00041516429592839153,1.877546730199304e-05,1.029042048493879e-05,1.0270244406902384e-05,0.0006175868017878022,1.0009304818440588e-05
153,GTEX-13NYS-0326-SM-5MR4L,0.02292072042629087,0.006163105458123961,0.0005068341058616403,0.005618162045804791,0.9419491027440852,9.75653306234884e-05,0.008405797034364842,0.014338712854845191
154,GTEX-13NZA-0526-SM-5L3D7,1.252472181588509e-05,2.0927491813181663e-05,8.444506532905549e-05,1.4314835185750371e-05,0.7514951359605356,2.1676543261136117e-05,3.513434596701758e-05,0.24831584103609228
155,GTEX-13O1R-2426-SM-5KLZZ,0.5275603230546816,0.35079390989509013,0.007395542151473268,0.009039620066090938,0.0042338527001294195,0.005446953672664564,0.09168001137419067,0.0038497870856794517
156,GTEX-13O21-1526-SM-5K7W4,0.9214361632543508,0.026058392157494628,8.900616189591771e-05,0.007017342325368637,0.0008684113253981906,0.0003575854508420186,0.04386530175737088,0.00030779756727901175
157,GTEX-13O3O-1126-SM-5KM4Q,0.8206408292220777,0.03793953328033364,0.02624495334525504,0.03368897657981169,0.0017762310436910443,0.0013285330520206584,0.07648483329354781,0.0018961101832625658
158,GTEX-13O3O-1526-SM-5KM1C,4.2047476917005344e-05,0.00011217510543794848,3.7840848119151965e-05,4.423140459948072e-05,0.009041996224013306,0.001243805182330879,4.011324660460961e-05,0.9894377905119776
159,GTEX-13O3P-0226-SM-5KM3Z,0.45797025755537846,0.02519314170987449,0.3175894871735361,0.006275769972829722,0.0002291805324714766,0.00038483899474530455,0.19223301091715944,0.00012431314400520048
160,GTEX-13O3P-1426-SM-5L3DT,3.37146480641367e-05,7.011750878047715e-05,0.0018300762071159912,2.9503484960969246e-05,7.364478347493822e-05,0.9962909890992246,0.001136675601545576,0.000535278666833322
161,GTEX-13OVG-0626-SM-5IFEP,0.008650838175563415,1.2883275702378128e-05,3.9968740277299126e-06,0.9912597272878207,4.296522049965478e-06,3.950931534292644e-06,6.0174901741976455e-05,4.132031559425502e-06
162,GTEX-13OVI-2126-SM-5KM3U,0.6151325967730907,0.16473167950079062,0.00010729887113312054,0.006693412280047434,0.00932826349052055,0.007414501489157661,0.016807562566427164,0.17978468502883269
163,GTEX-13OVJ-1426-SM-5K7Z2,0.21663719768689968,0.2447334484233273,0.3285364825373451,0.031131620091673116,0.009581566166461159,0.010390957657418983,0.1559076362845582,0.0030810911523164006
164,GTEX-13OVJ-1826-SM-5KM2D,0.30621855103563594,0.3324242384688459,0.1584632816206386,0.020439004359774957,0.005835833001834657,0.004279731572124826,0.17016530215033218,0.002174057790812918
165,GTEX-13OVJ-2826-SM-5L3GW,0.0008089600154819388,0.9156619404012974,0.06094228168537109,0.00016497981506571983,0.0006800661165240496,6.547155141035326e-05,0.021255619725041135,0.00042068068980841546
166,GTEX-13OVL-0006-SM-5O996,0.001241595564215989,1.9352971486587858e-05,0.8201798322529742,1.708391356252533e-05,2.5633266380692716e-06,3.223469971695575e-06,0.1785332319005864,3.1166005645002584e-06
167,GTEX-13OVL-0126-SM-5L3GJ,0.0008476612649580105,0.003111823589106054,1.3177752271558454e-05,0.9956812499869437,0.00012645113732282696,4.067015092163081e-05,7.443652340631223e-05,0.00010452959506996718
168,GTEX-13OVL-0326-SM-5IJCS,0.8242436304624724,0.06786171215831296,0.0018143198600970316,0.021870640200026357,0.005355184925899719,0.003216915270222987,0.07410847684279476,0.001529120280173802
169,GTEX-13OW5-0011-R6b-SM-5O9BW,0.001757699417340316,0.9832541048332544,0.0020759192326884873,0.00011882785949253977,0.00010191562661497836,0.0001960888946872844,0.012402052209974155,9.33919259478475e-05
170,GTEX-13OW5-2826-SM-5KM1G,0.4785616918787761,0.4461917036703194,0.0025438597525247126,0.01128639472656999,0.008565379623332474,0.0022861818278490736,0.04655658865352032,0.004008199867107961
171,GTEX-13OW6-0926-SM-5L3GM,0.01264818554131884,0.00545705584761937,3.2155037786476306e-05,0.000393831998766406,0.0006210872469110973,0.977875384179139,0.00013457242253620767,0.002837727725922633
172,GTEX-13OW8-2326-SM-5L3I9,0.008638551958453812,0.0004067465918286354,0.000465278165914774,0.9888279488362359,8.58123747879124e-06,7.929721318906116e-06,0.0016342846032568043,1.0678885512410382e-05
173,GTEX-13PL7-2526-SM-5IFGR,0.9998491970788153,4.975980852413557e-05,8.682126084399182e-06,4.4876246957403185e-05,9.297844760537576e-06,8.848579359006495e-06,2.0227446695376626e-05,9.110868803826225e-06
174,GTEX-13PLJ-0326-SM-5L3I7,3.4431846516507054e-05,0.00020957137405764885,1.6094163354364966e-05,3.648187902424709e-05,0.8219829775503152,1.8232086449550332e-05,1.74797861244347e-05,0.17768473131415788
175,GTEX-13PLJ-0526-SM-5K7VW,0.9288348954651292,0.03403292094071504,0.0029933482745869845,0.011661349601275144,0.009218310444553486,0.001353463719662593,0.007479412313823411,0.004426299240254153
176,GTEX-13PVR-0926-SM-5S2RB,0.00019006409302547994,0.00028526047897185156,1.8731741590882423e-05,4.655893848522704e-05,8.642110293401012e-05,0.998228579453459,0.00023971555354600167,0.0009046686379875401
177,GTEX-13QBU-0626-SM-5J2OG,0.029725078781066252,0.96773614197203,8.540926707219251e-05,0.0006658907404599503,0.00012328173761790958,7.959194211837607e-05,0.0014824476699688018,0.00010215788966649845
178,GTEX-13QBU-1326-SM-5LU4K,0.8424175891114487,0.015600437981703406,0.0009382440558739184,0.0132627449941629,0.0021197769913299525,0.0010740493501219125,0.12412984250712242,0.0004573150082367261
179,GTEX-13QBU-2426-SM-5LU4L,0.0005537641124124384,0.00036182395995691723,3.143255887971416e-05,0.0007307426068629228,0.9662415475913264,0.003056596561682287,5.4985720812108545e-05,0.028969106888067253
180,GTEX-13QJC-0011-R8b-SM-5S2U6,0.00028876978728451625,0.9881756778176838,0.005352790276131043,5.930514398968002e-05,0.0001263545831121355,6.737345816910775e-05,0.004722707743475244,0.001207021190154439
181,GTEX-13RTJ-2626-SM-7DHKR,0.35573619514492366,0.019970199385388736,0.4727158361223168,0.006922206048354262,0.0024208758383210895,0.001656439268086723,0.13938627341210777,0.0011919747805009173
182,GTEX-13S7M-0226-SM-5S2UG,0.7950475752310409,0.032733490161534214,0.005273108695372389,0.006149165113531821,0.0010906411731509762,0.00023999258558052113,0.1592076232633618,0.0002584037764274911
183,GTEX-13S7M-0326-SM-5S2PH,0.00026287782169538514,0.00012024259820900477,0.001662961308933054,2.8293953464082615e-05,0.8969283895947902,1.2156902787163048e-05,0.00036878756594336143,0.10061629025417783
184,GTEX-13S86-1126-SM-5RQJX,0.2141553319329454,0.7414706531342434,0.004877794441579094,0.006962116578946212,0.0003092714344866429,0.00017258292797618744,0.0318569124668516,0.0001953370829714748
185,GTEX-13U4I-0006-SM-5N9CI,0.2956775056088955,4.871638064005381e-06,0.3715245451770993,3.93491392129691e-05,3.675690590193991e-06,6.35912474448501e-06,0.3327398186988588,3.874922534732333e-06
186,GTEX-13U4I-1826-SM-5IJD2,0.007871784330706132,0.0016357189584571318,0.00015930025333959417,0.000683095588355277,0.9616907484349414,0.00022016340708756434,0.0007430471605904443,0.026996141866522633
187,GTEX-13U4I-2226-SM-5LU5H,0.05199808160093477,0.007328861697266443,2.485707393286168e-05,0.9387431453050974,0.0006099586882678574,0.00024286599035187387,0.0009341165786023155,0.00011811306554639191
188,GTEX-13VXT-0626-SM-5SIA1,0.005880031496155041,0.9886032950129293,0.00017483113978172162,0.0014522169307693937,0.000875708587036062,6.553934959524172e-05,0.0026244167125796048,0.0003239607711535474
189,GTEX-13VXT-1126-SM-5LU3A,0.00020978465338379186,0.00015547823475135905,3.318329916572814e-05,0.0003089343218507553,0.011352684308055389,0.027171645661847512,4.0330166988141835e-05,0.9607279593539572
190,GTEX-13VXU-0526-SM-5K7V1,0.8998064356603753,0.024937848515585705,0.02607418466865451,0.02658257427066321,0.0007682736655631259,0.0014550274168008146,0.01988463654686887,0.0004910192554884397
191,GTEX-13VXU-3026-SM-5LU3K,0.00026241193392358435,0.9993129079053771,2.57148850838183e-05,0.00020922001114427786,6.76793507510941e-05,3.5115971924647364e-05,3.9366753027364865e-05,4.7583188768109415e-05
192,GTEX-13W3W-1826-SM-5IJDE,0.49830919797682866,0.26801722785285836,0.00019358210749280578,0.1930303080288138,0.015634050357095104,0.004807497426155117,0.012561926733428304,0.007446209517327774
193,GTEX-13W3W-2126-SM-5K7UX,0.899849680476951,0.0359529625101103,8.52787663608155e-05,0.00816012429011513,0.002298761871063303,0.0005668285104332984,0.052769811454105774,0.00031655212086032137
194,GTEX-13W46-0926-SM-5LU3T,0.03415363431615825,0.8883364992522104,0.0033575871663992334,0.00860178781303385,0.0009766904827199952,0.00039328855469680205,0.06377463763259822,0.000405874782183225
195,GTEX-13W46-1926-SM-5J2MF,0.00030956693298545766,0.0003978647248146539,1.5639829264245648e-05,0.9988309091097243,1.723499373085639e-05,2.3235896332496273e-05,0.0003808255599343593,2.4722953213758314e-05
196,GTEX-13X6H-1426-SM-5SI91,0.4530573257135546,0.4017978158127226,0.0007944708600750112,0.03206430017375636,0.014782884972196436,0.0023475618527214704,0.09061897672443704,0.004536663890536497
197,GTEX-13X6I-0626-SM-5QGP9,0.005774957814205097,0.004246244210569631,9.993507938228781e-05,0.9862573212709322,0.00031877275061836514,7.500066259548927e-05,0.003184363232911265,4.340497878569097e-05
198,GTEX-13X6I-0926-SM-5LUAB,0.627438837569559,0.01918267985082186,0.1487982597426877,0.00647498873168559,0.000375120651696059,0.0002161220927100503,0.19703072441244385,0.0004832669483958315
199,GTEX-13X6J-2826-SM-7EPGA,0.3821460635482261,0.5379908685355997,0.005515948021774944,0.02440226436516994,0.01369617404800234,0.0021049794175034275,0.032118633732040255,0.0020250683316832526
