i_doc,doc,Topic 1,Topic 2,Topic 3,Topic 4,Topic 5,Topic 6,Topic 7
0,GTEX-111CU-1426-SM-5GZYP,0.45907713034691816,0.2943752105085887,0.11215897608622431,0.10542270124621085,0.018524755810037048,0.007073088582014146,0.003368137420006736
1,GTEX-111FC-0226-SM-5N9B8,0.4591426657736102,0.29437374413931683,0.11252511721366376,0.10515740120562625,0.018419290020093772,0.007032819825853985,0.003348961821835231
2,GTEX-111YS-0006-SM-5NQBE,0.46256176358798934,0.29456480425693654,0.10224249334853668,0.11402508551881414,0.015583428354237932,0.008361839604713038,0.0026605853287723297
3,GTEX-111YS-0326-SM-5GZZ3,0.460863697705803,0.2935222672064777,0.11234817813765183,0.10560053981106612,0.01788124156545209,0.00708502024291498,0.002699055330634278
4,GTEX-111YS-2426-SM-5GZZQ,0.45942320590207913,0.2937625754527163,0.11267605633802817,0.10496311200536552,0.018779342723004695,0.007042253521126761,0.00335345405767941
5,GTEX-1122O-0005-SM-5O99J,0.4610670511896179,0.29704397981254504,0.10454217736121124,0.10922855082912761,0.017303532804614274,0.007930785868781542,0.002883922134102379
6,GTEX-1122O-0426-SM-5H12G,0.4595773230459577,0.29453203622945323,0.11204293861120429,0.10533378061053338,0.01845018450184502,0.007044615900704461,0.0030191211003019122
7,GTEX-1122O-0626-SM-5N9B9,0.4603227975790182,0.2935440484196368,0.11264290517821117,0.10558170813718896,0.01815736381977135,0.0070611970410221925,0.0026899798251513113
8,GTEX-1122O-1026-SM-9WYSF,0.4588788183954347,0.29506545820745217,0.11178247734138973,0.10506881503860356,0.018798254447801276,0.007049345417925478,0.003356831151393085
9,GTEX-1122O-1526-SM-5N9CL,0.45962314939434723,0.2950874831763122,0.1117092866756393,0.10497981157469717,0.01816958277254374,0.0070659488559892325,0.0033647375504710633
10,GTEX-1122O-2426-SM-5GIDN,0.46017699115044247,0.29543907420013615,0.1123213070115725,0.10517358747447243,0.01735874744724302,0.007147719537100068,0.002382573179033356
11,GTEX-1128S-0005-SM-5P9HI,0.46078431372549017,0.294480755265069,0.10820624546114742,0.10965867828612927,0.016339869281045753,0.007625272331154684,0.002904865649963689
12,GTEX-113IC-0006-SM-5NQ9C,0.46106973595125256,0.2962085308056872,0.11069735951252539,0.10392687880839539,0.01794177386594448,0.0071090047393364926,0.003046716316858497
13,GTEX-117YX-1226-SM-5H11S,0.4591426657736102,0.29437374413931683,0.11252511721366376,0.10515740120562625,0.018419290020093772,0.007032819825853985,0.003348961821835231
14,GTEX-117YX-2326-SM-5H12W,0.4592964824120603,0.29447236180904524,0.11256281407035176,0.10485762144053601,0.018425460636515914,0.007035175879396985,0.0033500837520938024
15,GTEX-11DXX-2726-SM-5PNXO,0.4603501544799176,0.29351184346035014,0.11259869550291796,0.10641949879848953,0.017851012701682115,0.007209062821833162,0.0020597322348094747
16,GTEX-11DXY-0006-SM-5NQ8N,0.4615663524292966,0.2958665699782451,0.10551124002900653,0.10949963741841914,0.01704133430021755,0.007614213197969543,0.0029006526468455403
17,GTEX-11DXY-0826-SM-5EGGR,0.4652061855670103,0.2774914089347079,0.11254295532646048,0.11554982817869416,0.01804123711340206,0.00902061855670103,0.002147766323024055
18,GTEX-11DXZ-2426-SM-5N9DT,0.45991706979958535,0.2954388389771942,0.11264685556323428,0.1050449205252246,0.017277125086385625,0.007256392536281963,0.0024187975120939877
19,GTEX-11DYG-0011-R5a-SM-DO928,0.4603825136612022,0.2926912568306011,0.11407103825136612,0.10484972677595629,0.017759562841530054,0.007172131147540984,0.0030737704918032786
20,GTEX-11DYG-1326-SM-5N9DO,0.45935095349615257,0.29441284710605553,0.11241217798594848,0.1050518568082971,0.01840080294412847,0.00702576112412178,0.0033456005352960855
21,GTEX-11DZ1-0011-R8b-SM-DNZZI,0.46041454298335033,0.29187903499830103,0.11348963642541625,0.10567448182127082,0.01834862385321101,0.007135575942915392,0.0030581039755351682
22,GTEX-11EI6-0726-SM-59866,0.45917001338688085,0.29451137884872824,0.11244979919678715,0.10508701472556894,0.018406961178045515,0.007028112449799197,0.0033467202141900937
23,GTEX-11EM3-0001-SM-5Q5BD,0.46309646412633027,0.30106419498798487,0.10744936491589427,0.10161345691726742,0.017164435290078956,0.006865774116031583,0.0027463096464126332
24,GTEX-11EMC-0011-R8b-SM-DO91Z,0.4642857142857143,0.2871287128712871,0.11527581329561527,0.10537482319660538,0.01768033946251768,0.007425742574257425,0.002828854314002829
25,GTEX-11EMC-0926-SM-59863,0.4592418651459242,0.29453203622945323,0.11237839651123784,0.10533378061053338,0.01845018450184502,0.007044615900704461,0.0030191211003019122
26,GTEX-11EMC-2226-SM-5A5JW,0.4592418651459242,0.29486749412948676,0.11204293861120429,0.10499832271049983,0.01845018450184502,0.007044615900704461,0.0033545790003354577
27,GTEX-11EQ8-0006-SM-5P9HJ,0.46080652469415495,0.2822836429542365,0.10693248753964658,0.12279111916628908,0.014952424105120073,0.0095151789759855,0.002718622564567286
28,GTEX-11EQ9-1426-SM-5987G,0.45847287340924314,0.29437374413931683,0.11286001339584728,0.10515740120562625,0.018754186202277295,0.007032819825853985,0.003348961821835231
29,GTEX-11GS4-0226-SM-5HL77,0.4597585513078471,0.2944332662642522,0.11167002012072434,0.10496311200536552,0.018779342723004695,0.007042253521126761,0.00335345405767941
30,GTEX-11GS4-0526-SM-5A5KQ,0.4642857142857143,0.28823953823953824,0.11291486291486291,0.10678210678210678,0.018037518037518036,0.007575757575757576,0.0021645021645021645
31,GTEX-11GS4-2926-SM-5A5LF,0.4592418651459242,0.29453203622945323,0.11237839651123784,0.10533378061053338,0.01845018450184502,0.007044615900704461,0.0030191211003019122
32,GTEX-11GSP-0011-R1a-SM-9QEJ3,0.4594227504244482,0.2937181663837012,0.11307300509337861,0.10526315789473684,0.01833616298811545,0.007130730050933786,0.0030560271646859084
33,GTEX-11GSP-0011-R5a-SM-57WBE,0.4604026845637584,0.2929530201342282,0.11342281879194631,0.10469798657718121,0.018120805369127517,0.007046979865771812,0.003355704697986577
34,GTEX-11GSP-1726-SM-5A5LI,0.4597585513078471,0.2937625754527163,0.11267605633802817,0.10496311200536552,0.018443997317236754,0.007042253521126761,0.00335345405767941
35,GTEX-11I78-0001-SM-5Q5BE,0.46301369863013697,0.2996575342465753,0.10821917808219178,0.10171232876712329,0.01780821917808219,0.00684931506849315,0.0027397260273972603
36,GTEX-11LCK-0926-SM-5A5KA,0.45991847826086957,0.29415760869565216,0.11209239130434782,0.10597826086956522,0.018002717391304348,0.007133152173913043,0.002717391304347826
37,GTEX-11NSD-0008-SM-5Q5BC,0.4601412714429869,0.2946518668012109,0.11099899091826437,0.10561722166162126,0.018163471241170535,0.007063572149344097,0.003363605785401951
38,GTEX-11NSD-1626-SM-5986U,0.4592964824120603,0.29380234505862646,0.11256281407035176,0.1051926298157454,0.018760469011725293,0.007035175879396985,0.0033500837520938024
39,GTEX-11NV4-0526-SM-5N9BF,0.4608139926000673,0.2943155062226707,0.11167171207534476,0.10460813992600067,0.01849983181971073,0.007063572149344097,0.0030272452068617556
40,GTEX-11OF3-2526-SM-5P9JL,0.4606585788561525,0.2953206239168111,0.11126516464471403,0.10537261698440208,0.017677642980935875,0.007279029462738302,0.0024263431542461003
41,GTEX-11ONC-0126-SM-5PNW6,0.4660848869496232,0.2820309401031337,0.11424038080126933,0.1082903609678699,0.019040063466878223,0.008330027766759222,0.0019833399444664813
42,GTEX-11ONC-2026-SM-5HL61,0.45880776959142666,0.2937039517749498,0.11319490957803081,0.10515740120562625,0.018754186202277295,0.007032819825853985,0.003348961821835231
43,GTEX-11P7K-1226-SM-5HL4X,0.46024823884602484,0.29419657832941964,0.11170748071117075,0.10533378061053338,0.018114726601811473,0.007044615900704461,0.0033545790003354577
44,GTEX-11P81-1126-SM-5GU5G,0.4591426657736102,0.2937039517749498,0.11286001339584728,0.10515740120562625,0.018754186202277295,0.007032819825853985,0.003348961821835231
45,GTEX-11P81-2726-SM-59876,0.45996649916247906,0.29413735343383585,0.11222780569514237,0.1051926298157454,0.018425460636515914,0.007035175879396985,0.003015075376884422
46,GTEX-11P82-0006-SM-5N9FY,0.4630177514792899,0.2943786982248521,0.10281065088757396,0.11242603550295859,0.016272189349112426,0.008136094674556213,0.0029585798816568047
47,GTEX-11TT1-1126-SM-5P9GV,0.4591426657736102,0.29437374413931683,0.11252511721366376,0.10515740120562625,0.018419290020093772,0.007032819825853985,0.003348961821835231
48,GTEX-11TT1-1326-SM-5PNYM,0.46051735874744726,0.29373723621511233,0.11198093941456773,0.10585432266848196,0.018039482641252554,0.007147719537100068,0.002722940776038121
49,GTEX-11TUW-0926-SM-5EQMW,0.459214501510574,0.29439409197717353,0.11278952668680765,0.10506881503860356,0.018462571332661968,0.007049345417925478,0.0030211480362537764
50,GTEX-11TUW-1226-SM-5GU7C,0.4597044996642042,0.2941571524513096,0.11249160510409671,0.10543989254533244,0.018132975151108125,0.007051712558764272,0.0030221625251846875
51,GTEX-11TUW-2026-SM-5EQL8,0.45878016085790885,0.2935656836461126,0.11293565683646113,0.10522788203753351,0.019101876675603216,0.0070375335120643435,0.003351206434316354
52,GTEX-11UD2-0626-SM-5GU6L,0.45880776959142666,0.29437374413931683,0.11252511721366376,0.10515740120562625,0.018754186202277295,0.007032819825853985,0.003348961821835231
53,GTEX-11VI4-1526-SM-5EQKC,0.4597315436241611,0.2942953020134228,0.11174496644295302,0.10536912751677853,0.018456375838926176,0.007046979865771812,0.003355704697986577
54,GTEX-11VI4-1926-SM-5CVLI,0.46012894468951476,0.29487614523243977,0.11231761112996268,0.10519172039362062,0.017984390906006106,0.007125890736342043,0.0023752969121140144
55,GTEX-11WQC-2426-SM-5EQKQ,0.4593237361901574,0.29394040843655844,0.11248744559758955,0.10512219618346166,0.018747907599598258,0.007030465349849347,0.0033478406427854034
56,GTEX-11WQC-2626-SM-5CVLF,0.4607809847198642,0.2937181663837012,0.11205432937181664,0.10560271646859083,0.01799660441426146,0.007130730050933786,0.0027164685908319186
57,GTEX-11WQK-0008-SM-5SI6T,0.4612272420768712,0.294335805799056,0.1112609575185435,0.10485502360080917,0.01820633850303439,0.0070802427511800405,0.0030343897505057315
58,GTEX-11ZTS-1126-SM-5LU9X,0.45880776959142666,0.2940388479571333,0.11286001339584728,0.10515740120562625,0.018754186202277295,0.007032819825853985,0.003348961821835231
59,GTEX-11ZTS-2726-SM-5EQLU,0.4600402955003358,0.29348556077904636,0.11282740094022835,0.10476830087306917,0.018468770987239758,0.007051712558764272,0.0033579583613163196
60,GTEX-11ZTT-2626-SM-5EQKK,0.46040452519712033,0.29550908467603704,0.11141583818992115,0.10524511484401783,0.01748371614672609,0.007199177236887213,0.002742543709290367
61,GTEX-11ZU8-0005-SM-5PNU5,0.4727868852459016,0.2537704918032787,0.08786885245901639,0.15540983606557376,0.014426229508196721,0.01377049180327869,0.0019672131147540984
62,GTEX-11ZUS-0008-SM-5S2UO,0.46073474890461746,0.2949106841927873,0.11088641725648804,0.10549376474553421,0.017863161442534546,0.007077856420626896,0.003033367037411527
63,GTEX-11ZVC-0011-R1b-SM-5BC6M,0.4619096863150638,0.29162357807652534,0.11306446053085142,0.10582557738710789,0.017580144777662874,0.007238883143743537,0.002757669769045157
64,GTEX-1211K-0006-SM-5MR53,0.46526717557251906,0.2916030534351145,0.10152671755725191,0.11450381679389313,0.01603053435114504,0.008396946564885497,0.0026717557251908397
65,GTEX-1211K-1026-SM-5EQ4B,0.4595773230459577,0.29419657832941964,0.11237839651123784,0.10533378061053338,0.01845018450184502,0.007044615900704461,0.0030191211003019122
66,GTEX-1211K-1826-SM-5EGJ2,0.4597855227882037,0.2935656836461126,0.1126005361930295,0.10522788203753351,0.01876675603217158,0.0070375335120643435,0.0030160857908847183
67,GTEX-1211K-2026-SM-5EQ4Z,0.45955018462571334,0.29439409197717353,0.11245384357166835,0.10473313192346426,0.018462571332661968,0.007049345417925478,0.003356831151393085
68,GTEX-12126-0426-SM-5Q5AP,0.45963149078726967,0.29413735343383585,0.11256281407035176,0.10485762144053601,0.018425460636515914,0.007035175879396985,0.0033500837520938024
69,GTEX-12584-0226-SM-5EQL5,0.4597855227882037,0.2935656836461126,0.1126005361930295,0.10522788203753351,0.01876675603217158,0.0070375335120643435,0.0030160857908847183
70,GTEX-12696-0008-SM-5TDBX,0.46169422882213973,0.2942963212959838,0.1110361120485994,0.10496118798515018,0.017887276409044885,0.007087411407357408,0.0030374620317246033
71,GTEX-12696-2826-SM-5FQTY,0.4585348997926745,0.29336558396682794,0.11402902557014513,0.10711817553559087,0.017622667588113337,0.007256392536281963,0.002073255010366275
72,GTEX-1269C-0005-SM-5N9CJ,0.46362098138747887,0.2825719120135364,0.10406091370558376,0.1218274111675127,0.01692047377326565,0.008883248730964468,0.0021150592216582064
73,GTEX-1269C-0226-SM-5EGKS,0.45911528150134046,0.29390080428954424,0.1126005361930295,0.10522788203753351,0.01876675603217158,0.0070375335120643435,0.003351206434316354
74,GTEX-12BJ1-0008-SM-5TDBZ,0.46057951482479786,0.2944743935309973,0.11084905660377359,0.10545822102425877,0.01853099730458221,0.007075471698113208,0.003032345013477089
75,GTEX-12KS4-0326-SM-5EQ41,0.4594775619557937,0.2940388479571333,0.11252511721366376,0.10482250502344273,0.018754186202277295,0.007032819825853985,0.003348961821835231
76,GTEX-12KS4-1026-SM-5FQTD,0.4589889521258788,0.29394040843655844,0.11315701372614663,0.10512219618346166,0.01841312353531972,0.007030465349849347,0.0033478406427854034
77,GTEX-12WSA-0726-SM-5FQU2,0.45919403995936336,0.2942770064341348,0.11310531662715882,0.10565526583135794,0.017947849644429394,0.007111412123264477,0.0027091093802912294
78,GTEX-12WSC-0011-R9a-SM-5GU4U,0.46042438531492086,0.2930279555405861,0.11283260357022566,0.10542270124621085,0.018187942068036377,0.007073088582014146,0.0030313236780060626
79,GTEX-12WSD-0226-SM-59HKO,0.45901639344262296,0.29441284710605553,0.11241217798594848,0.1050518568082971,0.01873536299765808,0.00702576112412178,0.0033456005352960855
80,GTEX-12WSD-0526-SM-5EQ6F,0.4581604426002766,0.2959889349930844,0.11272475795297372,0.10580912863070539,0.017634854771784232,0.007261410788381743,0.0024204702627939143
81,GTEX-12WSF-1526-SM-6PAN6,0.4592964824120603,0.29413735343383585,0.11256281407035176,0.1051926298157454,0.018760469011725293,0.007035175879396985,0.003015075376884422
82,GTEX-12WSF-1626-SM-7KUG5,0.4594504021447721,0.29423592493297585,0.1126005361930295,0.10455764075067024,0.01876675603217158,0.0070375335120643435,0.003351206434316354
83,GTEX-12WSG-1226-SM-5EQ4C,0.46047297297297296,0.2935810810810811,0.1125,0.10540540540540541,0.018243243243243244,0.007094594594594595,0.002702702702702703
84,GTEX-12WSH-0005-SM-5NQ9P,0.46216407355021216,0.29526166902404527,0.10643564356435643,0.10855728429985856,0.016973125884016973,0.007779349363507779,0.002828854314002829
85,GTEX-12WSJ-1826-SM-5GCNY,0.45857094934585707,0.29453203622945323,0.11304931231130493,0.10466286481046629,0.018785642401878563,0.007044615900704461,0.0033545790003354577
86,GTEX-12WSL-1626-SM-5GCMU,0.45963149078726967,0.29380234505862646,0.11222780569514237,0.1051926298157454,0.018760469011725293,0.007035175879396985,0.0033500837520938024
87,GTEX-12WSL-2526-SM-5GCNJ,0.4591426657736102,0.29437374413931683,0.11252511721366376,0.10482250502344273,0.018754186202277295,0.007032819825853985,0.003348961821835231
88,GTEX-12WSM-0011-R11a-SM-5DUX8,0.46042438531492086,0.2943752105085887,0.11350623105422701,0.10373863253620748,0.017514314584035028,0.007073088582014146,0.003368137420006736
89,GTEX-12WSM-0526-SM-5GCO8,0.45949579831932774,0.29478991596638654,0.11126050420168067,0.10554621848739495,0.018823529411764704,0.007058823529411765,0.0030252100840336134
90,GTEX-12ZZW-2426-SM-5DUWE,0.45935095349615257,0.2934091669454667,0.11274673803947809,0.1050518568082971,0.01906992305118769,0.00702576112412178,0.0033456005352960855
91,GTEX-12ZZX-0011-R10b-SM-5DUWK,0.4599326599326599,0.29259259259259257,0.11346801346801347,0.10538720538720539,0.01818181818181818,0.007070707070707071,0.003367003367003367
92,GTEX-12ZZX-0326-SM-5DUVH,0.460857726344452,0.29339686861810754,0.11198093941456773,0.10517358747447243,0.018379850238257316,0.007147719537100068,0.0030633083730428863
93,GTEX-12ZZZ-0526-SM-5DUX6,0.4596585202544359,0.2936056243722799,0.11248744559758955,0.10512219618346166,0.018747907599598258,0.007030465349849347,0.0033478406427854034
94,GTEX-12ZZZ-2426-SM-5GCNN,0.4597855227882037,0.2935656836461126,0.1126005361930295,0.10489276139410188,0.01876675603217158,0.0070375335120643435,0.003351206434316354
95,GTEX-1313W-0011-R7b-SM-5DUWL,0.460258152173913,0.2921195652173913,0.11413043478260869,0.10529891304347826,0.018002717391304348,0.007133152173913043,0.0030570652173913045
96,GTEX-1313W-0726-SM-5EGK1,0.45917001338688085,0.29417670682730923,0.11278447121820616,0.10508701472556894,0.018406961178045515,0.007028112449799197,0.0033467202141900937
97,GTEX-131XE-0006-SM-5P9F9,0.46157167530224524,0.2849740932642487,0.10319516407599309,0.12392055267702937,0.01468048359240069,0.009067357512953367,0.0025906735751295338
98,GTEX-131XE-0526-SM-5K7YT,0.46089008766014833,0.2936614969656102,0.11193526635198921,0.10552933243425489,0.01820633850303439,0.0070802427511800405,0.0026972353337828725
99,GTEX-131XG-0006-SM-5O9CE,0.46134020618556704,0.296759941089838,0.10346097201767304,0.11045655375552282,0.016936671575846832,0.008100147275405008,0.0029455081001472753
100,GTEX-131XG-0226-SM-5IFG1,0.45911528150134046,0.29423592493297585,0.1126005361930295,0.10522788203753351,0.018431635388739945,0.0070375335120643435,0.003351206434316354
101,GTEX-131XH-0006-SM-5O98V,0.45774647887323944,0.2812206572769953,0.10469483568075118,0.12769953051643193,0.016901408450704224,0.009859154929577466,0.0018779342723004694
102,GTEX-131XH-2226-SM-5DUXJ,0.4597855227882037,0.29390080428954424,0.11226541554959786,0.10489276139410188,0.01876675603217158,0.0070375335120643435,0.003351206434316354
103,GTEX-131YS-2926-SM-5EGKI,0.4593237361901574,0.2936056243722799,0.1128222296618681,0.10512219618346166,0.018747907599598258,0.007030465349849347,0.0033478406427854034
104,GTEX-131YS-3126-SM-5KLYT,0.46047297297297296,0.2925675675675676,0.11385135135135135,0.10472972972972973,0.018243243243243244,0.007094594594594595,0.0030405405405405407
105,GTEX-132AR-0008-SM-62LDH,0.46029609690444145,0.29475100942126514,0.11103633916554509,0.10531628532974428,0.01850605652759085,0.0070659488559892325,0.003028263795423957
106,GTEX-132AR-1126-SM-5P9GA,0.45880776959142666,0.29437374413931683,0.11286001339584728,0.10515740120562625,0.018419290020093772,0.007032819825853985,0.003348961821835231
107,GTEX-132AR-1926-SM-5EGK5,0.46073474890461746,0.29389956184698346,0.1122345803842265,0.10549376474553421,0.017863161442534546,0.007077856420626896,0.002696326255476913
108,GTEX-132NY-0326-SM-5IJBL,0.4594504021447721,0.2945710455764075,0.11226541554959786,0.10455764075067024,0.01876675603217158,0.0070375335120643435,0.003351206434316354
109,GTEX-132NY-1426-SM-5J1MJ,0.4597044996642042,0.29348556077904636,0.11282740094022835,0.10543989254533244,0.018468770987239758,0.007051712558764272,0.0030221625251846875
110,GTEX-132NY-1726-SM-5EGKK,0.4595238095238095,0.2945578231292517,0.11224489795918367,0.10612244897959183,0.017687074829931974,0.007142857142857143,0.0027210884353741495
111,GTEX-1339X-2626-SM-5K7YX,0.4596774193548387,0.2950268817204301,0.11189516129032258,0.1051747311827957,0.018481182795698926,0.007056451612903226,0.002688172043010753
112,GTEX-133LE-0326-SM-5P9G4,0.4591426657736102,0.29437374413931683,0.11252511721366376,0.10515740120562625,0.018419290020093772,0.007032819825853985,0.003348961821835231
113,GTEX-133LE-1526-SM-5IFEN,0.45985891837420223,0.29492777964393685,0.11152166610681895,0.10513940208263352,0.01813906617400067,0.00705408128988915,0.003359086328518643
114,GTEX-133LE-1826-SM-5J1MV,0.45911528150134046,0.29423592493297585,0.11293565683646113,0.10455764075067024,0.01876675603217158,0.0070375335120643435,0.003351206434316354
115,GTEX-1399R-2626-SM-5KLZ7,0.4591426657736102,0.29437374413931683,0.11252511721366376,0.10515740120562625,0.018754186202277295,0.007032819825853985,0.003014065639651708
116,GTEX-1399S-0926-SM-5PNVQ,0.46037609133646745,0.293821356615178,0.11215580926796508,0.10543989254533244,0.018468770987239758,0.007051712558764272,0.002686366689053056
117,GTEX-1399T-0426-SM-5PNVJ,0.4803874092009685,0.2687651331719128,0.10944309927360775,0.11283292978208233,0.01646489104116223,0.010169491525423728,0.001937046004842615
118,GTEX-1399T-1326-SM-5PNVH,0.45917001338688085,0.29417670682730923,0.11278447121820616,0.10508701472556894,0.018406961178045515,0.007028112449799197,0.0033467202141900937
119,GTEX-1399U-0626-SM-5J1NZ,0.4599396580623533,0.29366409654710024,0.11230305062018102,0.10526315789473684,0.01843781428092524,0.007039892725444184,0.003352329869259135
120,GTEX-139T4-0326-SM-5K7XN,0.4592418651459242,0.29486749412948676,0.11237839651123784,0.10466286481046629,0.01845018450184502,0.007044615900704461,0.0033545790003354577
121,GTEX-139T6-0326-SM-5J2LY,0.4591426657736102,0.2940388479571333,0.11252511721366376,0.10515740120562625,0.018754186202277295,0.007032819825853985,0.003348961821835231
122,GTEX-139T6-2026-SM-5IFFL,0.4587219343696028,0.2949913644214162,0.11329879101899827,0.10604490500863557,0.017616580310880828,0.007253886010362694,0.002072538860103627
123,GTEX-139YR-1226-SM-5IFEU,0.45901639344262296,0.29441284710605553,0.11274673803947809,0.1050518568082971,0.01840080294412847,0.00702576112412178,0.0033456005352960855
124,GTEX-13CF2-0011-R11b-SM-5LZXO,0.46037099494097805,0.2954468802698145,0.11264755480607083,0.10320404721753794,0.0178752107925801,0.007082630691399663,0.003372681281618887
125,GTEX-13CF2-0011-R1a-SM-5LZY1,0.4647210934613964,0.28444772811230146,0.11673439231621721,0.10712966383450313,0.01699298115995567,0.007757665312153676,0.002216475803472479
126,GTEX-13CF2-0426-SM-5KM1H,0.46467391304347827,0.2845496894409938,0.11374223602484472,0.10869565217391304,0.017857142857142856,0.008152173913043478,0.002329192546583851
127,GTEX-13CF3-0926-SM-5LZZC,0.4589889521258788,0.29394040843655844,0.1128222296618681,0.10512219618346166,0.018747907599598258,0.007030465349849347,0.0033478406427854034
128,GTEX-13CF3-1726-SM-5LU9E,0.4599396580623533,0.29366409654710024,0.11230305062018102,0.10526315789473684,0.01843781428092524,0.007039892725444184,0.003352329869259135
129,GTEX-13CF3-2426-SM-5IFGX,0.45942320590207913,0.2937625754527163,0.11267605633802817,0.10496311200536552,0.018779342723004695,0.007042253521126761,0.00335345405767941
130,GTEX-13D11-0626-SM-5LZYY,0.45942320590207913,0.2944332662642522,0.11200536552649229,0.10529845741113347,0.018779342723004695,0.007042253521126761,0.0030181086519114686
131,GTEX-13FH7-0526-SM-5IJF8,0.4597855227882037,0.29423592493297585,0.11193029490616623,0.10522788203753351,0.018431635388739945,0.0070375335120643435,0.003351206434316354
132,GTEX-13FH7-0826-SM-5J2NW,0.4597778525748906,0.29417704476607204,0.1127566475934029,0.10568832043083137,0.017839111410299563,0.007068327162571525,0.0026926960619320095
133,GTEX-13FH7-0926-SM-5J2MR,0.4611451942740286,0.29277436946148605,0.11247443762781185,0.1056578050443081,0.018064076346284937,0.007157464212678937,0.0027266530334014998
134,GTEX-13FH7-1526-SM-5J2N6,0.45936870382807254,0.2944929482874412,0.11215580926796508,0.1051040967092008,0.01880456682337139,0.007051712558764272,0.0030221625251846875
135,GTEX-13FHO-2926-SM-5L3ES,0.4596774193548387,0.29401881720430106,0.11290322580645161,0.10450268817204302,0.018481182795698926,0.007056451612903226,0.003360215053763441
136,GTEX-13FLV-0011-R10b-SM-5LZZ2,0.4597778525748906,0.29283069673510603,0.1137664086166274,0.10501514641534837,0.018512285425782565,0.007068327162571525,0.0030292830696735107
137,GTEX-13FLV-0011-R6a-SM-5KLZ4,0.4602368866328257,0.2934010152284264,0.11302876480541456,0.10490693739424704,0.01793570219966159,0.007106598984771574,0.00338409475465313
138,GTEX-13FTX-0005-SM-5N9F6,0.4637155297532656,0.29753265602322204,0.10159651669085631,0.10994194484760522,0.017053701015965168,0.007619738751814224,0.0025399129172714078
139,GTEX-13FTZ-0326-SM-5J1O1,0.46001344086021506,0.29401881720430106,0.11223118279569892,0.10483870967741936,0.018481182795698926,0.007056451612903226,0.003360215053763441
140,GTEX-13FXS-0011-R9a-SM-5K7UI,0.4596044250754274,0.2943345625209521,0.11297351659403285,0.10492792490781093,0.018102581293999328,0.007039892725444184,0.0030170968823332216
141,GTEX-13FXS-0726-SM-5LZXJ,0.4591426657736102,0.29437374413931683,0.11252511721366376,0.10515740120562625,0.018419290020093772,0.007032819825853985,0.003348961821835231
142,GTEX-13FXS-1026-SM-62LFQ,0.4609081597814954,0.2922499146466371,0.11266643905769887,0.10617958347558894,0.01809491293956982,0.007169682485489928,0.0027313076135199728
143,GTEX-13G51-0011-R1a-SM-5LZYR,0.4597855227882037,0.29390080428954424,0.11327077747989277,0.10489276139410188,0.018096514745308313,0.0070375335120643435,0.0030160857908847183
144,GTEX-13G51-0011-R7b-SM-5LZXG,0.4598244429439568,0.29304523970290347,0.11343686698176908,0.1049966239027684,0.01823092505064146,0.0070898041863605675,0.00337609723160027
145,GTEX-13G51-2726-SM-5LZZ9,0.4587251828631139,0.2950191570881226,0.11320097526994079,0.10484151863462209,0.018112156043190525,0.0073145245559038665,0.002786485545106235
146,GTEX-13IVO-0011-R10a-SM-5LZY3,0.46278659611992945,0.2867724867724868,0.1164021164021164,0.10687830687830688,0.016931216931216932,0.007407407407407408,0.0028218694885361554
147,GTEX-13JUV-0011-R1a-SM-5LZY4,0.45988586774085266,0.29372272574689495,0.11346089291708628,0.10473313192346426,0.01812688821752266,0.007049345417925478,0.0030211480362537764
148,GTEX-13JUV-2026-SM-5K7UA,0.4592964824120603,0.29413735343383585,0.11256281407035176,0.10485762144053601,0.018760469011725293,0.007035175879396985,0.0033500837520938024
149,GTEX-13N1W-0011-R4a-SM-5MR52,0.45885540128682695,0.2932610904165256,0.11378259397223163,0.10565526583135794,0.018286488316965797,0.007111412123264477,0.0030477480528276328
150,GTEX-13N2G-0011-R2a-SM-5MR4Q,0.4599326599326599,0.2932659932659933,0.11346801346801347,0.10505050505050505,0.01818181818181818,0.007070707070707071,0.0030303030303030303
151,GTEX-13N2G-2226-SM-5IJCU,0.4589889521258788,0.2936056243722799,0.11315701372614663,0.10512219618346166,0.018747907599598258,0.007030465349849347,0.0033478406427854034
152,GTEX-13NYB-0726-SM-5MR4J,0.4592418651459242,0.29453203622945323,0.11204293861120429,0.10533378061053338,0.01845018450184502,0.007044615900704461,0.0033545790003354577
153,GTEX-13NYS-0326-SM-5MR4L,0.4593951749915053,0.29527692830445124,0.11179068977234115,0.10567448182127082,0.01834862385321101,0.007135575942915392,0.002378525314305131
154,GTEX-13NZA-0526-SM-5L3D7,0.4585365853658537,0.2961672473867596,0.11149825783972125,0.10627177700348432,0.017770034843205575,0.007317073170731708,0.0024390243902439024
155,GTEX-13O1R-2426-SM-5KLZZ,0.4588788183954347,0.29439409197717353,0.11312520980194696,0.10540449815374286,0.01812688821752266,0.007049345417925478,0.0030211480362537764
156,GTEX-13O21-1526-SM-5K7W4,0.4593237361901574,0.29394040843655844,0.11248744559758955,0.10512219618346166,0.018747907599598258,0.007030465349849347,0.0033478406427854034
157,GTEX-13O3O-1126-SM-5KM4Q,0.45926919208850153,0.29399932953402613,0.11297351659403285,0.10526315789473684,0.01843781428092524,0.007039892725444184,0.0030170968823332216
158,GTEX-13O3O-1526-SM-5KM1C,0.4604343025395657,0.29002576370997424,0.11409642988590357,0.10710342289289658,0.0180345969819654,0.007729112992270887,0.002576370997423629
159,GTEX-13O3P-0226-SM-5KM3Z,0.4594775619557937,0.29437374413931683,0.11286001339584728,0.10482250502344273,0.018419290020093772,0.007032819825853985,0.003014065639651708
160,GTEX-13O3P-1426-SM-5L3DT,0.4602157788267026,0.2936614969656102,0.11260957518543493,0.10519217801753203,0.01820633850303439,0.0070802427511800405,0.0030343897505057315
161,GTEX-13OVG-0626-SM-5IFEP,0.45949579831932774,0.2954621848739496,0.11092436974789915,0.10521008403361344,0.018487394957983194,0.007058823529411765,0.0033613445378151263
162,GTEX-13OVI-2126-SM-5KM3U,0.45875251509054327,0.29409792085848424,0.11267605633802817,0.10529845741113347,0.019114688128772636,0.007042253521126761,0.0030181086519114686
163,GTEX-13OVJ-1426-SM-5K7Z2,0.4595773230459577,0.2938611204293861,0.11271385441127138,0.10533378061053338,0.01845018450184502,0.007044615900704461,0.0030191211003019122
164,GTEX-13OVJ-1826-SM-5KM2D,0.45963149078726967,0.29346733668341707,0.11289782244556114,0.1051926298157454,0.018760469011725293,0.007035175879396985,0.003015075376884422
165,GTEX-13OVJ-2826-SM-5L3GW,0.4601948270070541,0.2925764192139738,0.11353711790393013,0.10480349344978165,0.018474974806852538,0.00705408128988915,0.003359086328518643
166,GTEX-13OVL-0006-SM-5O996,0.46130150173276857,0.2945706584520601,0.10358105506353485,0.1124374278013092,0.016942626107046593,0.008086253369272238,0.0030804774740084712
167,GTEX-13OVL-0126-SM-5L3GJ,0.4596585202544359,0.29394040843655844,0.11248744559758955,0.10478741211918313,0.018747907599598258,0.007030465349849347,0.0033478406427854034
168,GTEX-13OVL-0326-SM-5IJCS,0.45917001338688085,0.29417670682730923,0.11244979919678715,0.10508701472556894,0.018741633199464525,0.007028112449799197,0.0033467202141900937
169,GTEX-13OW5-0011-R6b-SM-5O9BW,0.4598244429439568,0.2923700202565834,0.11411208642808914,0.10567184334908845,0.01789331532748143,0.0070898041863605675,0.003038487508440243
170,GTEX-13OW5-2826-SM-5KM1G,0.45865416806160025,0.2936056243722799,0.11349179779042518,0.10512219618346166,0.018747907599598258,0.007030465349849347,0.0033478406427854034
171,GTEX-13OW6-0926-SM-5L3GM,0.4597972972972973,0.2925675675675676,0.11351351351351352,0.10506756756756756,0.01891891891891892,0.007094594594594595,0.0030405405405405407
172,GTEX-13OW8-2326-SM-5L3I9,0.45911528150134046,0.2945710455764075,0.11226541554959786,0.10522788203753351,0.018431635388739945,0.0070375335120643435,0.003351206434316354
173,GTEX-13PL7-2526-SM-5IFGR,0.45998655010087425,0.29388029589778075,0.11197041022192333,0.10524546065904505,0.018493611297915265,0.0070611970410221925,0.0033624747814391394
174,GTEX-13PLJ-0326-SM-5L3I7,0.4589883800410116,0.29460013670539986,0.11312371838687628,0.10560492139439508,0.0177717019822283,0.007177033492822967,0.002734107997265892
175,GTEX-13PLJ-0526-SM-5K7VW,0.4611503531786075,0.29364278506559033,0.11167171207534476,0.10494450050454086,0.01849983181971073,0.007063572149344097,0.0030272452068617556
176,GTEX-13PVR-0926-SM-5S2RB,0.460446247464503,0.2937795807978364,0.11257606490872211,0.10581473968897905,0.01757944557133198,0.007099391480730223,0.002704530087897228
177,GTEX-13QBU-0626-SM-5J2OG,0.45880776959142666,0.29437374413931683,0.11286001339584728,0.10515740120562625,0.018419290020093772,0.007032819825853985,0.003348961821835231
178,GTEX-13QBU-1326-SM-5LU4K,0.45985891837420223,0.2935841451125294,0.1128653006382264,0.10513940208263352,0.018474974806852538,0.00705408128988915,0.0030231776956667787
179,GTEX-13QBU-2426-SM-5LU4L,0.45867486338797814,0.2957650273224044,0.11270491803278689,0.10621584699453553,0.017418032786885244,0.007172131147540984,0.0020491803278688526
180,GTEX-13QJC-0011-R8b-SM-5S2U6,0.46033945271908555,0.2909594735019051,0.1146518877727745,0.10599237963283685,0.018011776931070315,0.007273986837547627,0.0027710426047800486
181,GTEX-13RTJ-2626-SM-7DHKR,0.4590878604963112,0.29409792085848424,0.11267605633802817,0.10529845741113347,0.018779342723004695,0.007042253521126761,0.0030181086519114686
182,GTEX-13S7M-0226-SM-5S2UG,0.4594504021447721,0.29423592493297585,0.1126005361930295,0.10489276139410188,0.01876675603217158,0.0070375335120643435,0.0030160857908847183
183,GTEX-13S7M-0326-SM-5S2PH,0.4594227504244482,0.2960950764006791,0.11171477079796265,0.10492359932088285,0.01833616298811545,0.007130730050933786,0.0023769100169779285
184,GTEX-13S86-1126-SM-5RQJX,0.4585987261146497,0.294669795507878,0.11263828360710694,0.10526315789473684,0.01843781428092524,0.007039892725444184,0.003352329869259135
185,GTEX-13U4I-0006-SM-5N9CI,0.46185425932261376,0.2966130687649675,0.10810810810810811,0.10605542251111871,0.017105713308244955,0.00752651385562778,0.0027369141293191925
186,GTEX-13U4I-1826-SM-5IJD2,0.46040955631399316,0.29488054607508535,0.11228668941979522,0.10477815699658703,0.017747440273037544,0.007167235494880546,0.0027303754266211604
187,GTEX-13U4I-2226-SM-5LU5H,0.45911528150134046,0.29423592493297585,0.1126005361930295,0.10489276139410188,0.01876675603217158,0.0070375335120643435,0.003351206434316354
188,GTEX-13VXT-0626-SM-5SIA1,0.45896147403685095,0.29447236180904524,0.11256281407035176,0.1051926298157454,0.018425460636515914,0.007035175879396985,0.0033500837520938024
189,GTEX-13VXT-1126-SM-5LU3A,0.4598691009300723,0.29452290733723735,0.11195315191181536,0.10575266965208405,0.017912504305890458,0.007233895969686531,0.002755769893213917
190,GTEX-13VXU-0526-SM-5K7V1,0.4597315436241611,0.2942953020134228,0.11241610738255034,0.10536912751677853,0.018120805369127517,0.007046979865771812,0.0030201342281879194
191,GTEX-13VXU-3026-SM-5LU3K,0.45941394408891884,0.29538565173459075,0.11283260357022566,0.1034018187942068,0.018524755810037048,0.007073088582014146,0.003368137420006736
192,GTEX-13W3W-1826-SM-5IJDE,0.4594504021447721,0.29390080428954424,0.1126005361930295,0.10522788203753351,0.018431635388739945,0.0070375335120643435,0.003351206434316354
193,GTEX-13W3W-2126-SM-5K7UX,0.4594504021447721,0.29423592493297585,0.11226541554959786,0.10522788203753351,0.018431635388739945,0.0070375335120643435,0.003351206434316354
194,GTEX-13W46-0926-SM-5LU3T,0.4591426657736102,0.29437374413931683,0.11252511721366376,0.10515740120562625,0.018419290020093772,0.007032819825853985,0.003348961821835231
195,GTEX-13W46-1926-SM-5J2MF,0.45952300974135035,0.29392005374538127,0.11219348337252268,0.10547531071548538,0.018474974806852538,0.00705408128988915,0.003359086328518643
196,GTEX-13X6H-1426-SM-5SI91,0.4601144395826321,0.2945136317738135,0.1117468865701784,0.10568832043083137,0.018175698418041064,0.007068327162571525,0.0026926960619320095
197,GTEX-13X6I-0626-SM-5QGP9,0.4593237361901574,0.29427519250083695,0.1128222296618681,0.10478741211918313,0.01841312353531972,0.007030465349849347,0.0033478406427854034
198,GTEX-13X6I-0926-SM-5LUAB,0.45942320590207913,0.2944332662642522,0.11234071093226022,0.10529845741113347,0.018443997317236754,0.007042253521126761,0.0030181086519114686
199,GTEX-13X6J-2826-SM-7EPGA,0.45990566037735847,0.29380053908355797,0.11287061994609164,0.1047843665768194,0.01853099730458221,0.007075471698113208,0.003032345013477089
200,GTEX-13X6K-1926-SM-5LU4O,0.45942320590207913,0.29409792085848424,0.11267605633802817,0.10496311200536552,0.018779342723004695,0.007042253521126761,0.0030181086519114686
201,GTEX-1445S-3026-SM-5O9BR,0.4598168870803662,0.29196337741607326,0.11393692777212615,0.10579857578840285,0.018311291963377416,0.007121057985757884,0.003051881993896236
202,GTEX-144GL-0011-R11b-SM-5P9F6,0.4603977081226828,0.2949106841927873,0.11257162116616111,0.10380856083586114,0.017863161442534546,0.007077856420626896,0.003370407819346141
203,GTEX-144GM-1926-SM-5LUAN,0.45896147403685095,0.29447236180904524,0.11222780569514237,0.1051926298157454,0.018760469011725293,0.007035175879396985,0.0033500837520938024
204,GTEX-144GO-1326-SM-5Q5EL,0.4602253328781154,0.29327415500170706,0.11266643905769887,0.10617958347558894,0.017753499487879822,0.007169682485489928,0.0027313076135199728
205,GTEX-145LS-0011-R5a-SM-5SI65,0.4600402955003358,0.2928139691067831,0.1134989926124916,0.1051040967092008,0.018132975151108125,0.007051712558764272,0.0033579583613163196
206,GTEX-145LS-1326-SM-5Q5EP,0.4614860259032038,0.2931152010906612,0.1111111111111111,0.1059986366734833,0.018404907975460124,0.007157464212678937,0.0027266530334014998
207,GTEX-145LT-0226-SM-5S2QK,0.45878016085790885,0.2945710455764075,0.1126005361930295,0.10522788203753351,0.018431635388739945,0.0070375335120643435,0.003351206434316354
208,GTEX-145LT-0926-SM-5LU9C,0.45952300974135035,0.2952636882767887,0.11185757473967081,0.10480349344978165,0.01813906617400067,0.00705408128988915,0.003359086328518643
209,GTEX-145LT-1326-SM-5O9AQ,0.4596044250754274,0.294669795507878,0.1116325846463292,0.10526315789473684,0.01843781428092524,0.007039892725444184,0.003352329869259135
210,GTEX-145LU-0426-SM-5O9AH,0.45868183338909335,0.29441284710605553,0.11274673803947809,0.1050518568082971,0.01873536299765808,0.00702576112412178,0.0033456005352960855
211,GTEX-145LV-2326-SM-5LU8Z,0.46031207598371776,0.2937584803256445,0.11261872455902307,0.10515603799185888,0.018317503392130258,0.007123473541383989,0.0027137042062415195
212,GTEX-145ME-2026-SM-5SIA5,0.4577854671280277,0.2955017301038062,0.11211072664359861,0.1069204152249135,0.01833910034602076,0.00726643598615917,0.0020761245674740486
213,GTEX-145MN-2426-SM-5NQA5,0.46151237707697523,0.29365886741268227,0.11224143777551712,0.10512037978975924,0.01797219396405561,0.007121057985757884,0.002373685995252628
214,GTEX-145MO-0626-SM-5NQAW,0.45985891837420223,0.2942559623782331,0.11185757473967081,0.10513940208263352,0.018810883439704402,0.00705408128988915,0.0030231776956667787
215,GTEX-145MO-2426-SM-5NQ9W,0.45926919208850153,0.29366409654710024,0.11297351659403285,0.10492792490781093,0.018773047267851155,0.007039892725444184,0.003352329869259135
216,GTEX-146FH-1326-SM-5NQBI,0.4594775619557937,0.29470864032150035,0.11219022103148024,0.10482250502344273,0.018419290020093772,0.007032819825853985,0.003348961821835231
217,GTEX-146FH-2026-SM-5SI9I,0.4592964824120603,0.29447236180904524,0.11256281407035176,0.1051926298157454,0.018090452261306532,0.007035175879396985,0.0033500837520938024
218,GTEX-146FQ-1026-SM-5LU8I,0.4596585202544359,0.29394040843655844,0.11248744559758955,0.10512219618346166,0.01841312353531972,0.007030465349849347,0.0033478406427854034
219,GTEX-146FR-1726-SM-5Q5DT,0.4596252129471891,0.29471890971039183,0.11243611584327087,0.10562180579216354,0.017717206132879047,0.007155025553662692,0.00272572402044293
220,GTEX-14753-0926-SM-5Q5BI,0.4591426657736102,0.29437374413931683,0.11252511721366376,0.10482250502344273,0.018754186202277295,0.007032819825853985,0.003348961821835231
221,GTEX-147F3-0226-SM-5NQBV,0.45875043148084227,0.2954780807732137,0.11218501898515706,0.10631687953054884,0.01794960303762513,0.007248878149810148,0.0020711080428028996
222,GTEX-147F3-1726-SM-5SIAW,0.4591426657736102,0.29437374413931683,0.11252511721366376,0.10482250502344273,0.018754186202277295,0.007032819825853985,0.003348961821835231
223,GTEX-147F4-0126-SM-5QGPV,0.4596044250754274,0.2943345625209521,0.11230305062018102,0.10492792490781093,0.018773047267851155,0.007039892725444184,0.0030170968823332216
224,GTEX-147F4-1326-SM-5LU9V,0.4597315436241611,0.29395973154362415,0.11241610738255034,0.10536912751677853,0.018456375838926176,0.007046979865771812,0.0030201342281879194
225,GTEX-147GR-0011-R2b-SM-5S2RQ,0.460149863760218,0.29257493188010897,0.1141008174386921,0.10490463215258855,0.018051771117166212,0.00715258855585831,0.0030653950953678476
226,GTEX-147JS-0006-SM-5NQ7K,0.4620160701241782,0.2954711468224982,0.10555149744338933,0.10920379839298758,0.01716581446311176,0.007669831994156318,0.0029218407596785976
227,GTEX-147JS-0426-SM-5TDD2,0.45868183338909335,0.2940782870525259,0.1130812980930077,0.1050518568082971,0.01873536299765808,0.00702576112412178,0.0033456005352960855
228,GTEX-147JS-0526-SM-5TDD3,0.45929233940226727,0.29440054963929924,0.11267605633802817,0.10649261422191687,0.017176228100309172,0.007214015802129852,0.0027481964960494676
229,GTEX-147JS-2526-SM-5S2Q8,0.45875251509054327,0.2934272300469484,0.11334674714956405,0.10529845741113347,0.018779342723004695,0.007042253521126761,0.00335345405767941
230,GTEX-1497J-2126-SM-5NQB8,0.45901639344262296,0.2940782870525259,0.1130812980930077,0.1050518568082971,0.01840080294412847,0.00702576112412178,0.0033456005352960855
231,GTEX-14A5H-0526-SM-5TDCN,0.45883534136546184,0.29417670682730923,0.11278447121820616,0.10508701472556894,0.018741633199464525,0.007028112449799197,0.0033467202141900937
232,GTEX-14A5H-0726-SM-5Q5DW,0.45862646566164156,0.29447236180904524,0.11256281407035176,0.1051926298157454,0.018760469011725293,0.007035175879396985,0.0033500837520938024
