i_doc,doc,Topic 1,Topic 2,Topic 3,Topic 4,Topic 5
0,GTEX-PLZ4-1226-SM-2I5FE,0.732654560722,0.0933137398971,0.00734753857458,0.0858612364858,0.0808229243204
1,GTEX-1EMGI-2726-SM-7P8S4,0.412790697674,0.0852713178295,0.282299741602,0.0132428940568,0.206395348837
2,GTEX-1C2JI-0008-SM-EXOHZ,0.124378109453,0.026902524415,0.641975308642,0.0193477059149,0.187396351575
3,GTEX-1S5ZU-2526-SM-E6CIF,0.0342270662178,0.00762693910219,0.0691838704362,0.00101221722652,0.887949907017
4,GTEX-11EMC-3226-SM-5EGKW,0.823929961089,0.02796692607,0.00656614785992,0.096060311284,0.0454766536965
5,GTEX-11ZUS-2926-SM-5FQSL,0.847861965491,0.0163540885221,0.00555138784696,0.099024756189,0.0312078019505
6,GTEX-18465-0226-SM-7LG5M,0.422916666667,0.158630952381,0.221428571429,0.00208333333333,0.19494047619
7,GTEX-1I1GU-0926-SM-ACKVS,0.0279565508605,0.0111534989371,0.0522729258278,0.000582428142928,0.908034596232
8,GTEX-1JMLX-2326-SM-CXZJP,0.155312034165,0.103460779179,0.0615204866847,0.000825913540953,0.678880786431
9,GTEX-1B996-1726-SM-7IGMW,0.304975313331,0.129510064565,0.370300037979,0.00341815419673,0.191796429928
10,GTEX-ZZPT-1326-SM-5E43H,0.632305013617,0.282735836421,0.0229474530113,0.0237957051654,0.0382159917853
11,GTEX-1GN73-1626-SM-9WYTS,0.247303718229,0.385021494834,0.0831887774342,0.0034693415793,0.281016667924
12,GTEX-1IDJH-2926-SM-C1YQ5,0.854762756319,0.0115641392465,0.002056509299,0.120529327611,0.011087267525
13,GTEX-P44G-0011-R11A-SM-2I3FD,0.82375063282,0.0135242641209,0.0129456859767,0.129095248427,0.0206841686555
14,GTEX-17KNJ-2326-SM-7DHLQ,0.0256786266478,0.00734813586879,0.0557087524109,0.000446307601575,0.910818177471
15,GTEX-131XW-0011-R10a-SM-5DUVA,0.811153358682,0.0297845373891,0.010773130545,0.0798479087452,0.0684410646388
16,GTEX-1192X-2526-SM-59868,0.413352272727,0.353794642857,0.112012987013,0.0540787337662,0.0667613636364
17,GTEX-1AX9K-1526-SM-73KVP,0.319822713258,0.0632065775951,0.0944244604317,0.00494604316547,0.51760020555
18,GTEX-1B97I-0826-SM-731DN,0.281167862471,0.0923492221354,0.0638985579314,0.00696171059175,0.555622646871
19,GTEX-1R7EV-1526-SM-E8VOD,0.742236024845,0.0714285714286,0.120600414079,0.0258799171843,0.0398550724638
20,GTEX-11NUK-0011-R5a-SM-DO93N,0.917281348788,0.0191429574991,0.00421496311907,0.0307341060766,0.028626624517
21,GTEX-POYW-0826-SM-2XCEM,0.760790641388,0.0384563668146,0.00914347183004,0.109318273497,0.0822912464704
22,GTEX-111CU-0826-SM-5EGIJ,0.445284159613,0.219165659008,0.248186215236,0.00997581620314,0.0773881499395
23,GTEX-14PJM-0011-R8b-SM-69LPD,0.905323371469,0.0122577632501,0.00723791734765,0.0577865981788,0.0173943497548
24,GTEX-WOFM-1626-SM-3MJFX,0.0694806252035,0.0584500162813,0.123005535656,0.00350048844025,0.745563334419
25,GTEX-1EU9M-2926-SM-793DF,0.830562034459,0.0171544654277,0.00940486043187,0.124068918817,0.0188097208637
26,GTEX-1RB15-1126-SM-E8VMX,0.841232029422,0.0977933801404,0.0176780341023,0.0119943162822,0.0313022400535
27,GTEX-1PPGY-2826-SM-DTX9H,0.399044795784,0.307971014493,0.170783926219,0.0355731225296,0.086627140975
28,GTEX-ZDTT-0326-SM-4WKF9,0.0459694688126,0.0234855287698,0.104476065483,0.00124335152311,0.824825585411
29,GTEX-1JKYN-0126-SM-AHZ4C,0.807816325312,0.0244819967755,0.00176150952409,0.161581178719,0.00435898966979
30,GTEX-WFON-1926-SM-3LK7L,0.0163676736538,0.0051506665344,0.0925593852775,0.000908043433472,0.885014231101
31,GTEX-1KANA-1226-SM-DHXKE,0.417945443108,0.547322671038,0.00192531310166,0.0243428201071,0.00846375264492
32,GTEX-1QP2A-0126-SM-E9J43,0.0399947424752,0.0134066883227,0.0425483973938,0.000713521227257,0.903336650581
33,GTEX-UTHO-1826-SM-3GAFE,0.469531030609,0.288402134232,0.165122156698,0.00421229991575,0.0727323785454
34,GTEX-T8EM-1026-SM-3DB7M,0.0259804798537,0.0133182260918,0.0883177291431,0.00109328721649,0.871290277695
35,GTEX-SNMC-0008-SM-4DM5A,0.424177010254,0.0507285483001,0.401511063141,0.0240151106314,0.099568267674
36,GTEX-18A6Q-2826-SM-7LTAO,0.839587447882,0.0174456879526,0.0118499012508,0.107856045644,0.0232609172701
37,GTEX-1EX96-0011-R6a-SM-9OSVV,0.91723202171,0.0211065882708,0.00331674958541,0.0408563244384,0.0174883159958
38,GTEX-S7SE-0011-R11A-SM-2XCDD,0.781025238656,0.0389041454165,0.00915391656859,0.138681836014,0.0322348633451
39,GTEX-T8EM-0526-SM-4DM64,0.0964216597731,0.0191629036542,0.0673547603688,0.0016316927864,0.815428983417
40,GTEX-1JKYN-1526-SM-CGQGA,0.0868296356733,0.0228763297455,0.0748423133649,0.0010355540214,0.814416167195
41,GTEX-17HHE-2326-SM-793C5,0.222072315165,0.0836481381543,0.208850512682,0.00404749055586,0.481381543443
42,GTEX-14BMU-0726-SM-73KXS,0.0602114031229,0.927053551792,0.000608230701561,0.0103330492633,0.00179376511986
43,GTEX-18D9B-0926-SM-7LG4U,0.0599357687676,0.0299879566439,0.078522681654,0.00080289040546,0.830750702529
44,GTEX-1CB4E-0126-SM-7DHMX,0.341982917072,0.624806285364,0.000882978340001,0.0254802320972,0.00684758712654
45,GTEX-1JJEA-0011-R6a-SM-EXUS1,0.926479035037,0.0114876507754,0.00344629523262,0.0367604824813,0.0218265364733
46,GTEX-WY7C-1926-SM-4ONCI,0.225645295587,0.158201498751,0.473771856786,0.00388565084652,0.138495698029
47,GTEX-13JVG-0226-SM-5J1MW,0.292288989232,0.581104550191,0.0206668982286,0.00625217089267,0.0996873914554
48,GTEX-11PRG-1526-SM-5HL6Z,0.237688968717,0.542284089208,0.0966921119593,0.00209549468642,0.121239335429
49,GTEX-14C5O-1726-SM-5RQI9,0.439826526924,0.260932417781,0.131911817853,0.0061438380918,0.161185399349
50,GTEX-T2IS-0011-R11A-SM-32QPC,0.808191940615,0.0149125132556,0.00961028632025,0.15045068929,0.0168345705196
51,GTEX-Y3I4-1526-SM-4TT7K,0.340233545648,0.392117834395,0.113720806794,0.00384819532909,0.150079617834
52,GTEX-TMMY-1026-SM-4DXTI,0.233700787402,0.207244094488,0.0803149606299,0.00346456692913,0.475275590551
53,GTEX-NPJ7-0011-R2a-SM-2I3GF,0.817664112653,0.0759991716712,0.00289915096293,0.0805549803272,0.022882584386
54,GTEX-1MGNQ-0726-SM-DPRYH,0.816590080811,0.0482490888924,0.00602123276818,0.0705910315322,0.0585485659959
55,GTEX-1CAMR-1026-SM-7P8QI,0.518628912072,0.104073522106,0.219324391456,0.0404868355688,0.117486338798
56,GTEX-1A32A-2826-SM-72D5S,0.540404040404,0.106060606061,0.161616161616,0.00932400932401,0.182595182595
57,GTEX-17F9E-0626-SM-79ON5,0.760872228347,0.0519416881049,0.01065784638,0.0997182408428,0.0768099963249
58,GTEX-1C64O-0526-SM-793D6,0.33728549142,0.0751950078003,0.0789391575663,0.00530421216849,0.503276131045
59,GTEX-14E6D-0926-SM-5S2QV,0.124775044991,0.0275944811038,0.0791841631674,0.00239952009598,0.766046790642
60,GTEX-1E1VI-2726-SM-7MXVH,0.285102332223,0.0480290770629,0.0383367227727,0.00601445199256,0.622517415949
61,GTEX-1K9T9-1826-SM-CXZK2,0.417961565295,0.091710534661,0.0146508530475,0.27297520137,0.202701845627
62,GTEX-15RIF-1126-SM-7KUG2,0.393067846608,0.109390363815,0.442232055064,0.00589970501475,0.0494100294985
63,GTEX-1J8QM-2626-SM-CYPSM,0.212693571093,0.126583763491,0.239676208353,0.00645236977945,0.414594087283
64,GTEX-144FL-2626-SM-5TDCW,0.377673069953,0.317143892715,0.175788329105,0.0130482058717,0.116346502356
65,GTEX-1EH9U-3226-SM-7MKGR,0.88594746333,0.0158762618282,0.00163596140618,0.0868732687624,0.0096670446729
66,GTEX-1B97J-1226-SM-7PBZR,0.046476382925,0.0042308663804,0.209491033089,0.000789340742612,0.739012376863
67,GTEX-148VJ-0011-R3b-SM-69LQJ,0.718129404228,0.0512491992313,0.146060217809,0.0480461242793,0.0365150544523
68,GTEX-13NYB-0926-SM-5IFFA,0.0591942292067,0.016646519094,0.0254255761876,0.000871960523969,0.897861714988
69,GTEX-13SLX-2226-SM-62LEP,0.0235760827116,0.00612525950135,0.0358882654005,0.000369982117531,0.934040410269
70,GTEX-T6MO-0526-SM-4DM6R,0.096035809963,0.0237885313168,0.0495269422497,0.00161077011767,0.829037946353
71,GTEX-13OVK-0826-SM-7KULZ,0.255551666472,0.706121417182,0.0158091237895,0.0156730058725,0.00684478668378
72,GTEX-WHSB-0326-SM-5FQSD,0.911048492792,0.0568545216252,0.0086369593709,0.0151376146789,0.00832241153342
73,GTEX-12WSD-2326-SM-59HKQ,0.92017227974,0.0364201825101,0.00667021320129,0.0249826083398,0.011754716209
74,GTEX-1QCLZ-2326-SM-DTXDO,0.548634763032,0.118974773423,0.112971194366,0.00242452231138,0.216994746868
75,GTEX-1CAMR-1526-SM-79OLP,0.824958692317,0.00736161926118,0.00418977929895,0.153605570636,0.00988433848696
76,GTEX-1128S-2826-SM-5N9DI,0.826112642773,0.019200472627,0.0102402520677,0.120421425758,0.0240252067743
77,GTEX-1GF9W-2626-SM-7P8TA,0.841822687225,0.0262940528634,0.00702092511013,0.079295154185,0.0455671806167
78,GTEX-XXEK-0326-SM-4BRVV,0.0626537717602,0.0132611218569,0.0168820116054,0.00445647969052,0.902746615087
79,GTEX-1HB9E-2926-SM-D4P3S,0.76954069299,0.133360193392,0.00423045930701,0.0626510878324,0.0302175664786
80,GTEX-1JKYR-2126-SM-CNNPC,0.0684508024065,0.0213217354408,0.0457803573323,0.00634954310567,0.858097561715
81,GTEX-1HBPH-0011-R8b-SM-CL556,0.949763438034,0.0189249572874,0.00203706137469,0.0204363254041,0.00883821789986
82,GTEX-1HBPH-0326-SM-CM2S8,0.357728337237,0.182084309133,0.114168618267,0.0038056206089,0.342213114754
83,GTEX-ZF29-0726-SM-DO92H,0.51049468331,0.425335182617,0.00429958391123,0.0316227461859,0.028247803976
84,GTEX-12ZZX-0626-SM-5EQ46,0.235107376284,0.0980392156863,0.0634920634921,0.00186741363212,0.601493930906
85,GTEX-ZE7O-3026-SM-51MS4,0.306745445593,0.15952732644,0.23239783358,0.00837026095519,0.292959133432
86,GTEX-1K9T9-1726-SM-CXZK1,0.0647145348989,0.905987217203,0.00044258155216,0.0266883184504,0.00216734789513
87,GTEX-1HFI7-2026-SM-CGQFR,0.467064207461,0.162252114825,0.306614893912,0.00152544723339,0.0625433365691
88,GTEX-1JK1U-2026-SM-CM2RZ,0.0248563293682,0.0163670981153,0.061625530577,0.00076857237681,0.896382469563
89,GTEX-1R46S-0726-SM-E9J42,0.244722719141,0.31252236136,0.0611806797853,0.00679785330948,0.374776386404
90,GTEX-14E1K-1626-SM-664MO,0.289321050836,0.0825656772433,0.525417946093,0.00955305356534,0.093142272262
91,GTEX-S341-1126-SM-4AD6T,0.238195664909,0.617457527827,0.0398359695372,0.00234329232572,0.102167545401
92,GTEX-1399R-0006-SM-5N9FR,0.25626052963,0.715973960122,0.000981402424064,0.0155470500679,0.0112370577555
93,GTEX-1EN7A-0011-R3a-SM-9OSVT,0.820813232254,0.0447966919366,0.0103376981392,0.0744314266023,0.0496209510682
94,GTEX-S3XE-0126-SM-4AD4R,0.836651896185,0.0176094838004,0.0018415146458,0.13768199344,0.00621511192956
95,GTEX-131XF-0426-SM-5HL7U,0.0259707322022,0.00603616627355,0.10068731137,0.000481878820158,0.866823911334
96,GTEX-1GL5R-1026-SM-7P8U1,0.769023524773,0.0721513996583,0.00604547246682,0.13898015508,0.0137994480221
97,GTEX-14E7W-0126-SM-6LLJ9,0.0359188038949,0.020967490363,0.0412219523608,0.00127008177544,0.900621671606
98,GTEX-XGQ4-1326-SM-4GIDU,0.668110857331,0.18188168625,0.00485059690598,0.133564089885,0.011592769628
99,GTEX-1HBPN-2326-SM-9WPPU,0.231507510279,0.576434924897,0.024733573886,0.000587396156751,0.166736594781
100,GTEX-1122O-1626-SM-5N9CX,0.281003251277,0.164421737111,0.442638179285,0.00232234091965,0.109614491407
101,GTEX-1H2FU-0011-R4a-SM-CL551,0.885997945909,0.0647038685382,0.00136939404314,0.0280725778843,0.0198562136255
102,GTEX-1JKYR-0626-SM-ARL8R,0.0271115745568,0.0119568995481,0.0758660641872,0.00118178658325,0.883883675125
103,GTEX-1RAZA-0926-SM-E6CQ8,0.481277846241,0.25556924827,0.138212152811,0.00255948431131,0.122381268367
104,GTEX-1IDJE-1026-SM-ADEIE,0.178491411501,0.247386109037,0.0690814040329,0.00354742345034,0.501493651979
105,GTEX-117YW-2626-SM-5GZZH,0.0296299050133,0.00908972619291,0.0433667304868,0.00232354964031,0.915590088667
106,GTEX-1I1GV-0011-R1a-SM-CL559,0.863517060367,0.0568678915136,0.00437445319335,0.0457859434237,0.0294546515019
107,GTEX-11NUK-1426-SM-5HL68,0.364614867138,0.199966363942,0.0630676084763,0.00706357214934,0.365287588295
108,GTEX-1RAZS-1226-SM-E8VMT,0.218898419224,0.38321400723,0.0908768696392,0.00871907563621,0.29829162827
109,GTEX-13O3Q-0011-R7a-SM-5KM38,0.910327847609,0.0193080212518,0.022547622133,0.0259168070494,0.0218997019567
110,GTEX-147GR-2726-SM-664OO,0.356856126266,0.601663473527,0.0129702277773,0.013624061065,0.0148861113645
111,GTEX-11ONC-1926-SM-5GU75,0.538908246225,0.14099883856,0.174448315912,0.0332171893148,0.112427409988
112,GTEX-1RB15-1026-SM-E9U6V,0.925129125449,0.0437786337506,0.00327555516648,0.018756018559,0.0090606670752
113,GTEX-YB5E-2026-SM-5IFIS,0.0222981563891,0.0162110616656,0.0585664335664,0.00046090273363,0.902463445645
114,GTEX-1LSVX-0726-SM-E9TJG,0.649221949222,0.24095004095,0.00606060606061,0.0435708435708,0.0601965601966
115,GTEX-1GMRU-0011-R7b-SM-A96TJ,0.905899280576,0.0374100719424,0.00575539568345,0.0261870503597,0.0247482014388
116,GTEX-13FTW-0726-SM-9WG72,0.232277182585,0.217688625484,0.07864144062,0.00319124686574,0.468201504445
117,GTEX-14BIN-3326-SM-5Q5E6,0.809389046113,0.0190610953887,0.0126519061095,0.136757116697,0.0221408356917
118,GTEX-1QMI2-2626-SM-E6CR4,0.35310324826,0.450841067285,0.103393271462,0.0265371229698,0.0661252900232
119,GTEX-1JMPY-1326-SM-ARL8Y,0.0205258488588,0.0102830873458,0.0625655294782,0.000564561658198,0.906060972659
120,GTEX-18465-0926-SM-731AY,0.0310029644269,0.00247035573123,0.0691699604743,0.000617588932806,0.896739130435
121,GTEX-1AX9K-0326-SM-7DHM9,0.527300380228,0.245019011407,0.0597718631179,0.00365019011407,0.164258555133
122,GTEX-1LGRB-2526-SM-CNPPQ,0.0309445096157,0.00833599943123,0.0616579574135,0.000515445593829,0.898546087946
123,GTEX-WFG8-0826-SM-4LVN5,0.40153698367,0.33679154659,0.0687800192123,0.00422670509126,0.188664745437
124,GTEX-14A5H-3026-SM-5RQHV,0.96501878778,0.0148276425421,0.00132004574416,0.010501552034,0.00833197190002
125,GTEX-1LVAO-2726-SM-E9TJ8,0.0457470974255,0.0312342251388,0.0836383139828,0.000630994447249,0.838749369006
126,GTEX-1KD4Q-0011-R11b-SM-EXOIE,0.81273308471,0.0127863612147,0.00932338838572,0.149706979222,0.0154501864678
127,GTEX-1CB4F-0126-SM-9JGGZ,0.79000941398,0.0256530948458,0.00173570251824,0.176718051306,0.00588373734996
128,GTEX-18D9B-0226-SM-731CV,0.424032891048,0.101476359559,0.174920575593,0.00168192861147,0.297888245188
129,GTEX-1J1R8-1126-SM-CNPQ3,0.585942512009,0.28947409598,0.0391181210784,0.0248008887637,0.0606643821684
130,GTEX-OOBK-0726-SM-3LK5Q,0.357986646122,0.25166923472,0.27478171546,0.00256805341551,0.112994350282
131,GTEX-13X6J-0626-SM-5LU5F,0.0176445434699,0.0101051020638,0.0351540521684,0.000810208628722,0.936286093669
132,GTEX-13NYB-0826-SM-5MR4V,0.336636934258,0.0677238189627,0.189626693095,0.00925008259002,0.396762471093
133,GTEX-13N11-2726-SM-5L3ER,0.045910680274,0.000568553316087,0.148960968815,0.000255848992239,0.804303948603
134,GTEX-Z9EW-1526-SM-EZ6LU,0.694338486248,0.0988757277655,0.107608913873,0.00893394900622,0.0902429231078
135,GTEX-139T8-0011-R3b-SM-5HL4R,0.844208809135,0.050163132137,0.00489396411093,0.0599510603589,0.0407830342577
136,GTEX-17HHY-2326-SM-7KFSR,0.594773251345,0.0106072252114,0.00837817063797,0.244273635665,0.141967717141
137,GTEX-WFG8-1226-SM-4V6EI,0.0958080684168,0.0904279555571,0.0641582839718,0.00457397217062,0.745031719884
138,GTEX-ZZPT-0926-SM-5GICZ,0.0501368133025,0.00942959376973,0.066891180804,0.00117869922122,0.872363712903
139,GTEX-111YS-0008-SM-5Q5BH,0.241858763264,0.0323819978046,0.607208196121,0.0137211855104,0.1048298573
140,GTEX-14BIL-0426-SM-5SIA3,0.10771324214,0.0613048771754,0.181980949653,0.00186206402636,0.647138867006
141,GTEX-1H1ZS-0011-R7a-SM-CL54P,0.888277202073,0.0440414507772,0.0145725388601,0.0259067357513,0.0272020725389
142,GTEX-18A6Q-1226-SM-7KFS9,0.0626679656006,0.00456866433754,0.0481053480247,0.00256987368987,0.882088148347
143,GTEX-U4B1-1426-SM-4DXTX,0.0911425085823,0.0457060175334,0.0437767753284,0.00530541606378,0.814069282492
144,GTEX-17HHE-0005-SM-7P8OT,0.226574017652,0.712932203723,0.00475694376192,0.0342912743499,0.0214455605134
145,GTEX-XGQ4-0005-SM-4AT5U,0.230259945545,0.729006148982,0.000364138935556,0.0286676652901,0.0117021012472
146,GTEX-13FTX-2026-SM-5L3D6,0.081838533254,0.00263538213041,0.200090679815,0.00144520955539,0.713990195245
147,GTEX-1E2YA-2126-SM-7MXUO,0.0143431940007,0.00441123394244,0.0634148297665,0.00072183828149,0.917108904009
148,GTEX-15DZA-0926-SM-69LQ3,0.39184826473,0.145278450363,0.348264729621,0.0044390637611,0.110169491525
149,GTEX-1GF9X-1326-SM-7PC2Y,0.0271109855973,0.0124611691613,0.0395015532335,0.000494210674951,0.920432081333
150,GTEX-NPJ8-1326-SM-3LK6B,0.480616302187,0.290921139828,0.0389330682571,0.0106030483764,0.178926441352
151,GTEX-Q734-0326-SM-48U15,0.920859826779,0.0233600230264,0.000448099013528,0.052774288929,0.0025577622524
152,GTEX-1HBPM-1326-SM-9YFMB,0.39941879238,0.36551501453,0.0319664191153,0.00678075556991,0.196319018405
153,GTEX-1QPFJ-2426-SM-EVR3L,0.250554323725,0.143292682927,0.500554323725,0.00277161862528,0.102827050998
154,GTEX-12ZZW-0011-R6a-SM-5DUVZ,0.90562248996,0.0278255880666,0.00172117039587,0.0421686746988,0.0226620768789
155,GTEX-1S5ZU-0526-SM-E9U4S,0.392698826597,0.0860495436767,0.0735332464146,0.00886571056063,0.438852672751
156,GTEX-UJMC-1226-SM-4IHLI,0.917145776939,0.0512836514834,0.00396289853264,0.0186443454587,0.00896332758661
157,GTEX-U412-0226-SM-3NMC8,0.434256055363,0.304970116389,0.0553633217993,0.00534759358289,0.200062912866
158,GTEX-U8T8-2226-SM-3DB95,0.485426803345,0.294014833011,0.0193679436912,0.146818460957,0.0543719589966
159,GTEX-Y8LW-0126-SM-4VBS1,0.229688982958,0.760643703648,0.000470347132982,0.00705520699473,0.00214175926626
160,GTEX-S7SE-0126-SM-2XCD5,0.0206701355138,0.00536051232203,0.0331494081994,0.000428840985762,0.940391102979
161,GTEX-ZT9X-0226-SM-51MT2,0.805863254393,0.077731092437,0.00763941940413,0.0494652406417,0.0593009931245
162,GTEX-ZE9C-0011-R2a-SM-4WKGH,0.889845993213,0.0385016966849,0.00208822761681,0.0511615766119,0.0184025058731
163,GTEX-1JMQJ-0011-R5a-SM-EYYXO,0.918965747035,0.0241236838598,0.00773024123684,0.0302545648407,0.0189257630281
164,GTEX-13NYS-0011-R5a-SM-5MR4D,0.76947935368,0.150807899461,0.0159784560144,0.0330341113106,0.0307001795332
165,GTEX-13QJ3-1826-SM-5S2PT,0.349046610169,0.175847457627,0.197033898305,0.00635593220339,0.271716101695
166,GTEX-1JMPZ-1826-SM-CXZJT,0.804393630924,0.137400983277,0.0175763017754,0.0291515900463,0.0114774939768
167,GTEX-1JMOU-0526-SM-CNNPE,0.411152244331,0.475088693506,0.0211321918865,0.0189726978251,0.073654172451
168,GTEX-13QJ3-1926-SM-5QGQM,0.389101338432,0.248565965583,0.137667304015,0.00525812619503,0.219407265774
169,GTEX-133LE-0008-SM-62LDD,0.156043528955,0.0281772250291,0.733773804897,0.0122425184609,0.0697629226584
170,GTEX-139TT-0011-R5b-SM-5K7W8,0.888427109974,0.0110294117647,0.00367647058824,0.068574168798,0.0282928388747
171,GTEX-13X6J-0011-R8b-SM-5PNUA,0.872161265629,0.043123245726,0.00408267415157,0.0525644297015,0.028068384792
172,GTEX-14PKU-0005-SM-9KNTL,0.262435522986,0.701111970388,0.000427969696742,0.0256406406031,0.0103838963262
173,GTEX-1HBPN-0226-SM-9YFM1,0.0233583735097,0.0119221138394,0.0490525843704,0.000523227566618,0.915143700714
174,GTEX-144GL-2526-SM-5TDDL,0.238372093023,0.725309003573,0.0086110948392,0.0217474078847,0.00596040067951
175,GTEX-1B8KZ-2226-SM-73KYS,0.347162740899,0.165417558887,0.0583511777302,0.00910064239829,0.419967880086
176,GTEX-13O21-1726-SM-5MR5A,0.0643366658404,0.00347021399653,0.21738411964,0.000330496571098,0.714478503952
177,GTEX-13NYB-0011-R1b-SM-5KM4F,0.886243902439,0.0189268292683,0.00292682926829,0.0663414634146,0.0255609756098
178,GTEX-1GZ2Q-2626-SM-7MXV9,0.295964762717,0.170787155442,0.063796533106,0.00753054845126,0.461921000284
179,GTEX-1R9JW-0826-SM-DPRZJ,0.935414758987,0.0131982108896,0.00289967363997,0.0474043812073,0.00108297527647
180,GTEX-14DAR-1726-SM-664MZ,0.775350036846,0.0190862196021,0.00195283714075,0.200147383935,0.00346352247605
181,GTEX-14E7W-0011-R9a-SM-62LE6,0.839971035482,0.0889854372838,0.00185051090192,0.0449754606163,0.0242175557165
182,GTEX-TML8-0008-SM-4DXUI,0.255570117955,0.0294888597641,0.588903451289,0.0155089558759,0.110528615116
183,GTEX-1RAZR-0626-SM-E6CJO,0.191082802548,0.15258931044,0.184713375796,0.00498476876212,0.466629742454
184,GTEX-1399U-1826-SM-5PNZ1,0.330552707615,0.492916394818,0.0445055457172,0.00149128530152,0.130534066549
185,GTEX-1IKJJ-0626-SM-CY8GF,0.0305167578374,0.00874684141838,0.0509260544803,0.000555355010691,0.909254991253
186,GTEX-145LV-2326-SM-5LU8Z,0.0491862567812,0.00388788426763,0.226311030741,0.00180831826401,0.718806509946
187,GTEX-12696-2726-SM-5FQUL,0.46990326048,0.17484772483,0.0591185954855,0.0030455034038,0.293084915801
188,GTEX-1GPI7-1326-SM-9KNVA,0.328808446456,0.149824032177,0.435394670689,0.00553041729512,0.0804424333836
189,GTEX-13RTK-0626-SM-5Q5EK,0.36074270557,0.231432360743,0.296419098143,0.0106100795756,0.100795755968
190,GTEX-ZY6K-1326-SM-5GZWP,0.296711798839,0.195357833656,0.362088974855,0.00425531914894,0.141586073501
191,GTEX-17HHY-3026-SM-79OKP,0.829393770857,0.0273915461624,0.00736929922136,0.10052836485,0.0353170189099
192,GTEX-R3RS-0226-SM-EYYVE,0.422974047567,0.5126870527,0.0315188317791,0.00166269066724,0.0311573772862
193,GTEX-17EUY-1926-SM-7DUF6,0.219829772843,0.184149709712,0.0705146271349,0.00310016346316,0.522405726847
194,GTEX-1S5ZA-1426-SM-E6CJQ,0.300462249615,0.15562403698,0.420647149461,0.00385208012327,0.119414483821
195,GTEX-11TUW-0226-SM-5LU8X,0.792785878741,0.0509934339558,0.0103180694125,0.0585827577386,0.0873198601518
196,GTEX-1HBPN-2226-SM-9WPNR,0.906031273269,0.00358192577497,0.00206137085081,0.082156993377,0.00616843672846
197,GTEX-1GN1V-0011-R10a-SM-CKZNU,0.839683325087,0.0282038594755,0.00445324096982,0.063829787234,0.063829787234
198,GTEX-T5JW-0226-SM-4DM7I,0.0685270973767,0.921585126417,0.00223461276472,0.00678705835576,0.000866105085362
199,GTEX-12WSC-0008-SM-664MK,0.122243078367,0.0567808540591,0.707414359456,0.0199436884092,0.0936180197091
200,GTEX-ZYFC-0626-SM-5GIDR,0.095373346289,0.0731743777562,0.139846027356,0.00433515210404,0.687271096495
201,GTEX-ZDXO-0126-SM-5S2ND,0.274477219222,0.0387757928265,0.382910954161,0.00249272953885,0.301343304251
202,GTEX-ZUA1-0126-SM-5GU76,0.0400183851693,0.0311015780604,0.0497318829478,0.00147081354374,0.877677340279
203,GTEX-XQ3S-0126-SM-4BOO9,0.278728606357,0.125305623472,0.215158924205,0.00764058679707,0.373166259169
204,GTEX-13OVI-2626-SM-5KM4T,0.122412086257,0.0256531657556,0.0628846898808,0.000882365600654,0.788167692506
205,GTEX-13X6H-2126-SM-7EWD5,0.0254343468092,0.0134689274975,0.0515160374206,0.000918810557969,0.908661877715
206,GTEX-1399R-1326-SM-5PNYS,0.122678615882,0.0336569579288,0.106895693303,0.00552651232263,0.731242220563
207,GTEX-13NYS-0011-R2b-SM-5MR4G,0.63036809816,0.255453306067,0.00749829584185,0.0802658486708,0.0264144512611
208,GTEX-1GMR8-0008-SM-EAZD3,0.130275788511,0.0289501752247,0.555690994972,0.017979582508,0.267103458784
209,GTEX-WZTO-0001-SM-4PQZY,0.239898589764,0.748296624941,0.000237680240849,0.00895262240532,0.00261448264934
210,GTEX-1AYD5-2326-SM-73KXF,0.353366663121,0.51643442187,0.0782895436656,0.00276566322732,0.0491437081162
211,GTEX-148VI-0626-SM-5TDDH,0.946609302149,0.022773966112,0.000568591031424,0.0279443538911,0.00210378681627
212,GTEX-14PN4-0126-SM-6EU2V,0.0408103886558,0.00577317693179,0.046292609721,0.000367523199902,0.906756301492
213,GTEX-147F4-3126-SM-5TDDF,0.774270416569,0.0170040009414,0.00164744645799,0.194281007296,0.0127971287362
214,GTEX-13OVH-3026-SM-5MR4N,0.843727495319,0.0236209131499,0.00619328820395,0.0934754428921,0.032982860435
215,GTEX-11ZUS-3026-SM-5EGI4,0.96399528214,0.00690918120305,0.00035383946862,0.025892358309,0.00284933887889
216,GTEX-17HG3-0011-R10b-SM-7LT97,0.839774078478,0.019322235434,0.00475624256837,0.11008719778,0.0260602457392
217,GTEX-OHPK-2526-SM-3MJH9,0.102651002884,0.0892737848891,0.0365470157887,0.00219966434751,0.769328532091
218,GTEX-147JS-0526-SM-5TDD3,0.0257246456919,0.000619071834443,0.120475800924,0.000210042229543,0.85297043932
219,GTEX-1I1GP-0926-SM-COH3O,0.30881307747,0.37882018479,0.0557924662402,0.00515280739161,0.251421464108
220,GTEX-1QAET-1926-SM-DPRZG,0.568608278624,0.0890720305443,0.0149462215393,0.292918005308,0.0344554639847
221,GTEX-WHPG-1426-SM-3NMBB,0.813270495881,0.155038973962,0.0093979766709,0.00791917740063,0.0143733760849
222,GTEX-ZV7C-0005-SM-57WDL,0.291520200691,0.681271969896,0.000983322235471,0.0145872369419,0.0116372702355
223,GTEX-QVJO-0011-R8A-SM-447C7,0.777897865442,0.115374223183,0.00634963523372,0.0716022696568,0.0287760064847
224,GTEX-14PKU-0226-SM-6EU16,0.810218978102,0.0474452554745,0.111950432864,0.000339500933628,0.030045832626
225,GTEX-1HCVE-0826-SM-CM2SF,0.121514270505,0.110642479833,0.0633266451005,0.000839441464314,0.703677163097
226,GTEX-1J8EW-0426-SM-CYPSY,0.0655889145497,0.0315114190403,0.0591224018476,0.00313061329228,0.84064665127
227,GTEX-11EMC-2226-SM-5A5JW,0.0677615479704,0.0251519967709,0.0427609172784,0.00428870556775,0.860036832413
228,GTEX-11GS4-0426-SM-5N9CD,0.0373853750294,0.0199271102751,0.0586644721373,0.00105807665178,0.882964965906
229,GTEX-WWTW-0626-SM-4MVNS,0.34711148211,0.0210414207996,0.169511528166,0.00100745516825,0.461328113756
230,GTEX-T5JW-1726-SM-3GADN,0.684232365145,0.0694329183956,0.224550484094,0.000899031811895,0.0208852005533
231,GTEX-183WM-2826-SM-731C2,0.777976952625,0.056338028169,0.0110115236876,0.0901408450704,0.0645326504481
232,GTEX-13OW6-1726-SM-5IJGI,0.605117944398,0.0167228306655,0.00265374894693,0.369966301601,0.00553917438922
233,GTEX-UJMC-0526-SM-3GAE3,0.03448942754,0.0139569365652,0.147240845797,0.00138602372357,0.802926766374
234,GTEX-13113-2126-SM-5EQ4U,0.361745160358,0.118462872002,0.0502744871424,0.00404507367813,0.465472406819
235,GTEX-1AX9J-1126-SM-731B7,0.500831393415,0.158131027602,0.192218157632,0.00349185234453,0.145327569006
236,GTEX-14BMU-1526-SM-5TDE6,0.592277961978,0.270310568755,0.037060289184,0.0408663749975,0.0594848050852
237,GTEX-12WSK-1026-SM-5CVNR,0.616401057099,0.174661648114,0.0599022983903,0.00192199887883,0.147112997517
238,GTEX-13CF3-0426-SM-5IJEU,0.528874586885,0.329222473474,0.0125587058619,0.0147677857019,0.114576448078
239,GTEX-1H1DF-1426-SM-9YFMC,0.710191435211,0.15226291911,0.0583158127697,0.00221312382428,0.0770167090849
240,GTEX-18A7A-2626-SM-7LG6L,0.580350143716,0.0270446825189,0.0402403971779,0.0776064802718,0.274758296316
241,GTEX-1C2JI-0326-SM-7EWFD,0.678668478261,0.203804347826,0.025524068323,0.0497864906832,0.0422166149068
242,GTEX-PW2O-0426-SM-48TCC,0.193865396069,0.188802858845,0.136688505063,0.00506253722454,0.475580702799
243,GTEX-13X6I-0011-R5a-SM-5PNWW,0.852049630909,0.0746034239045,0.00769593215015,0.0345531647558,0.0310978482802
244,GTEX-XGQ4-1826-SM-4AT6F,0.188926320365,0.113725277114,0.0623234079548,0.00635731362747,0.628667680939
245,GTEX-1MCQQ-0011-R3a-SM-EXURW,0.800126903553,0.0406091370558,0.00602791878173,0.115482233503,0.0377538071066
246,GTEX-15RIE-0126-SM-7KUF8,0.545038535645,0.156671483622,0.230973025048,0.0019267822736,0.0653901734104
247,GTEX-R55C-0826-SM-48FCL,0.089637079143,0.0436379536511,0.063686051596,0.00177087888063,0.801268036729
248,GTEX-1GMR8-1826-SM-9WYUE,0.239784394251,0.0709958932238,0.0650410677618,0.00169404517454,0.622484599589
249,GTEX-1IL2U-0726-SM-EAZ2Y,0.0112940796838,0.00107898796979,0.114483648794,0.000645375981929,0.87249790757
250,GTEX-1HSMQ-1326-SM-ADEHS,0.0398593200469,0.000586166471278,0.106235694747,0.000181432479205,0.853137386256
251,GTEX-1NV8Z-3026-SM-DTX8Z,0.812226191279,0.0155691851452,0.00930107164521,0.142414234684,0.0204893172474
252,GTEX-11GS4-2326-SM-5A5KS,0.288734255263,0.0619219589536,0.022461023518,0.397780322382,0.229102439884
253,GTEX-1GF9U-2026-SM-7SB92,0.013584725303,0.00382970379539,0.0723415728134,0.000404416720793,0.909839581367
254,GTEX-1CAMS-1326-SM-79OJR,0.0301831726892,0.0140931607849,0.115164548212,0.000960024576629,0.839599093737
255,GTEX-1IE54-0326-SM-ARZMD,0.119544367348,0.00224974542354,0.164373505103,9.47261230966e-05,0.713737656002
256,GTEX-17KNJ-0826-SM-793A4,0.0161857617404,0.00882563668338,0.206572005471,0.00156321240149,0.766853383704
257,GTEX-1H3O1-0011-R1b-SM-CL554,0.864636393194,0.0600411834833,0.0029261948629,0.0488782919692,0.0235179364907
258,GTEX-R55E-0011-R2A-SM-EYYV9,0.731693683622,0.183156325694,0.00428544810881,0.0534749394448,0.0273896031302
259,GTEX-1LG7Y-1326-SM-D4P45,0.337237762238,0.249475524476,0.068006993007,0.0048951048951,0.340384615385
260,GTEX-14E7W-1926-SM-5S2R9,0.218895348837,0.0851744186047,0.526453488372,0.00377906976744,0.165697674419
261,GTEX-13SLX-0526-SM-5S2ON,0.0155936681686,0.00750194625964,0.0297364882399,0.000283092311685,0.94688480502
262,GTEX-13S7M-2226-SM-5S2WB,0.615931721195,0.206851588431,0.0472972972973,0.00118539592224,0.128733997155
263,GTEX-1N2DV-1426-SM-DPRYQ,0.61871676579,0.250866173828,0.0257350897671,0.0536379300761,0.0510440405388
264,GTEX-14C39-2926-SM-73KU3,0.9137560323,0.0225524391992,0.00130600283498,0.0541035564687,0.00828196919745
265,GTEX-XLM4-0011-R2B-SM-4AT5Z,0.748327029386,0.0878673261565,0.0030549898167,0.133837649113,0.0269130055281
266,GTEX-ZWKS-2826-SM-5NQ74,0.518541033435,0.345592705167,0.031914893617,0.0121580547112,0.0917933130699
267,GTEX-12WSA-1626-SM-5EGJV,0.390658682635,0.319760479042,0.191377245509,0.00383233532934,0.094371257485
268,GTEX-P44G-0011-R2A-SM-2XCD2,0.847629195525,0.0448854555141,0.00546084176878,0.0546084176878,0.0474160895045
269,GTEX-1GMR8-0226-SM-9YFL3,0.624976058226,0.221796590691,0.080635893507,0.0032560812105,0.0693353763647
270,GTEX-131YS-0011-R7a-SM-5IJDA,0.922421062494,0.0200505949592,0.0035603860208,0.0332615009838,0.020706455542
271,GTEX-11ZTS-1326-SM-5EQMA,0.459223179718,0.327713250905,0.132633945298,0.00287248657425,0.0775571375047
272,GTEX-QEL4-1826-SM-EZ6KU,0.413468773514,0.127539503386,0.325432656132,0.00263355906697,0.130925507901
273,GTEX-X4XX-2926-SM-3NMB1,0.825184240363,0.0272817460317,0.00694444444444,0.117772108844,0.0228174603175
274,GTEX-1I1GQ-1026-SM-CNNQS,0.294630156472,0.474973328592,0.192478662873,0.00120021337127,0.0367176386913
275,GTEX-144GM-2026-SM-5LU3D,0.0872384188875,0.00239223752459,0.157015739581,0.000558934001073,0.752794670005
276,GTEX-1IDJH-1826-SM-A96T4,0.371364653244,0.0820283370619,0.185682326622,0.00447427293065,0.356450410142
277,GTEX-1H3NZ-2526-SM-9KNVO,0.270962296005,0.267023072594,0.337084974676,0.00619020821609,0.118739448509
278,GTEX-YF7O-0005-SM-4W1ZU,0.269553641081,0.706474917749,0.000610521317369,0.0143811688091,0.00897975104297
279,GTEX-13FHP-0011-R5b-SM-5LZY2,0.861208576998,0.0639376218324,0.00896686159844,0.0366471734893,0.0292397660819
280,GTEX-1HT8W-1726-SM-CNNQB,0.068824940048,0.0112709832134,0.052278177458,0.00239808153477,0.865227817746
281,GTEX-1MCQQ-2226-SM-DLHC4,0.055675553931,0.164427312369,0.0171320757504,0.000867680560632,0.761897377389
282,GTEX-11DXY-2626-SM-5GIE7,0.0265757945948,0.00921579973853,0.0517799352751,0.000557234402795,0.911871235989
283,GTEX-ZDTS-0426-SM-4WAYH,0.233339772069,0.0871160903998,0.215762024338,0.00212478269268,0.4616573305
284,GTEX-13X6I-2926-SM-5Q5C3,0.812746963267,0.0286111517635,0.00921996194936,0.111517635007,0.037904288014
285,GTEX-1GN73-0011-R2a-SM-CJI2V,0.769031701531,0.0556394220401,0.00291136510675,0.150312702178,0.0221048091438
286,GTEX-14C38-2226-SM-793AW,0.489146164978,0.288953207911,0.0742884708152,0.0077182826821,0.139893873613
287,GTEX-13OVG-0226-SM-5LU93,0.79756045367,0.0911619944361,0.00756116698766,0.0527141736215,0.0510022112847
288,GTEX-1JN1M-1026-SM-CNPOS,0.246544300929,0.0372762293225,0.0718332200317,0.00271923861319,0.641627011104
289,GTEX-ZYW4-1426-SM-5SIAX,0.396689147762,0.183323114654,0.240343347639,0.00306560392397,0.176578786021
290,GTEX-183FY-0626-SM-79OKR,0.787402282325,0.0535537784167,0.0166232365891,0.0734118069907,0.069008895678
291,GTEX-NPJ7-2826-SM-2I3FU,0.749331688258,0.0160394818014,0.00863664404688,0.204914661731,0.021077524162
292,GTEX-Q2AH-1026-SM-48TZI,0.347862531433,0.393545683152,0.159262363789,0.00712489522213,0.092204526404
293,GTEX-15FZZ-0626-SM-7KFTO,0.0576697010619,0.927203660705,0.000829034336918,0.0123610315001,0.00193657239639
294,GTEX-1JN6P-2926-SM-CL54D,0.0473518850987,0.0261220825853,0.0870287253142,0.00157091561939,0.837926391382
295,GTEX-OIZF-0426-SM-7PBZP,0.456466965286,0.0943449048152,0.0685890257559,0.0041993281075,0.376399776036
296,GTEX-YB5K-2226-SM-4WWG1,0.75482366245,0.0544914834971,0.169764647678,0.000777440101774,0.0201427662732
297,GTEX-ZTSS-0826-SM-5985L,0.272319425751,0.208613728129,0.377299237326,0.00448631673396,0.137281292059
298,GTEX-13O3P-2726-SM-5KM2R,0.416462917685,0.237571312143,0.18174409128,0.00977995110024,0.154441727791
299,GTEX-1J1OQ-0011-R9b-SM-ARZMK,0.809127275696,0.0851498081476,0.00718425993959,0.0325740876806,0.0659645685362
300,GTEX-13PVR-0726-SM-5S2PX,0.0676244820325,0.925900317331,0.000385746309936,0.0052257707648,0.00086368356187
301,GTEX-11ZU8-0011-R4a-SM-5BC6Y,0.802008608321,0.0803443328551,0.0229555236729,0.0530846484935,0.0416068866571
302,GTEX-13X6J-2126-SM-5TDCV,0.782236779343,0.150141507934,0.0282061881897,0.0292555728686,0.0101599516647
303,GTEX-1RLM8-0526-SM-E8VOK,0.463042983853,0.187173072549,0.0618603593359,0.00864225608369,0.279281328178
304,GTEX-1F52S-2226-SM-7MXVE,0.623462214411,0.103471001757,0.0237258347979,0.109402460457,0.139938488576
305,GTEX-1GN1U-0326-SM-9MQLT,0.0883873478237,0.0637055978654,0.154705653455,0.00239034965812,0.690811051198
306,GTEX-ZYFG-0126-SM-5GIDH,0.450752823087,0.194792973651,0.0881430363864,0.00156838143036,0.264742785445
307,GTEX-1QP29-2526-SM-E6CQ3,0.522798129384,0.119836321122,0.225058456742,0.0333203429462,0.0989867498051
308,GTEX-139TS-2226-SM-5J2N1,0.326479076479,0.202380952381,0.296897546898,0.0180375180375,0.156204906205
309,GTEX-1445S-1226-SM-5O9BF,0.0521075181311,0.0179037315398,0.0905478829077,0.00181909571794,0.837621771703
310,GTEX-1QP29-1226-SM-E6CQ1,0.840065604499,0.115557638238,0.00976257419556,0.0168853483286,0.0177288347391
311,GTEX-XUYS-0226-SM-47JX1,0.528206058407,0.15218574279,0.235443497188,0.00272084164702,0.0814438599673
312,GTEX-1HCUA-1926-SM-B2LWE,0.25755033557,0.188758389262,0.445749440716,0.00559284116331,0.102348993289
313,GTEX-Y8DK-0011-R1A-SM-4RGLO,0.867123287671,0.0317808219178,0.00520547945205,0.0427397260274,0.0531506849315
314,GTEX-WVLH-3126-SM-3MJGA,0.932116303626,0.0109510902104,0.00101237712681,0.0489315611291,0.00698866790765
315,GTEX-1CB4F-0626-SM-9MQLI,0.0699268738574,0.0474177330896,0.0763825411335,0.00245658135283,0.803816270567
316,GTEX-1PPH7-0005-SM-CKZNE,0.135446327801,0.809861561241,0.000269215237582,0.0463050208642,0.00811787485633
317,GTEX-14PHX-2526-SM-62LEO,0.192814788978,0.10101151029,0.188978025811,0.00258109522149,0.5146145797
318,GTEX-15UKP-1926-SM-6LPI9,0.815364337495,0.130915697416,0.015852376966,0.0162620451347,0.0216055429884
319,GTEX-11XUK-1426-SM-5EQMG,0.624599581238,0.27808300077,0.00395497414055,0.0791531702428,0.014209273609
320,GTEX-1H2FU-0226-SM-9YFKO,0.424878231547,0.298988385163,0.140502060697,0.00337204945673,0.132259273136
321,GTEX-14PK6-2126-SM-6ETZV,0.0185995133675,0.000477676105746,0.110776074398,0.000253765431177,0.869892970698
322,GTEX-13CF3-0006-SM-5N9ED,0.117684727652,0.843166677817,0.000181597484397,0.0319515994915,0.00701539755512
323,GTEX-1K2DU-1326-SM-CYPT5,0.311936936937,0.230855855856,0.0634384384384,0.00525525525526,0.388513513514
324,GTEX-15RJE-0008-SM-EAZ31,0.101344255409,0.038752362949,0.737555135476,0.0107120352867,0.11163621088
325,GTEX-139TS-0011-R7a-SM-5K7X7,0.936830835118,0.0133832976445,0.00214132762313,0.0187366167024,0.0289079229122
326,GTEX-15UF6-0226-SM-7KUF6,0.356822880772,0.353204686423,0.0599586492074,0.00637491385252,0.223638869745
327,GTEX-ZXES-1526-SM-5NQ95,0.802241535715,0.0540290092568,0.00492591617164,0.125206059365,0.0135974794916
328,GTEX-13O3O-2526-SM-5L3DR,0.281313387424,0.547920892495,0.0343559837728,0.106364097363,0.0300456389452
329,GTEX-12WSL-2126-SM-5GCNG,0.196898766891,0.139762238795,0.0244751286027,0.000551330330552,0.638312535381
330,GTEX-1S82Y-2226-SM-EWRNV,0.0396632900556,0.00202596661435,0.150991582251,0.000813240119846,0.806505920959
331,GTEX-TSE9-0226-SM-3DB84,0.360576923077,0.210428994083,0.228180473373,0.00295857988166,0.197855029586
332,GTEX-1N2DW-1826-SM-EAZ54,0.268029388827,0.319541928334,0.0329598161146,0.178754668965,0.200714197759
333,GTEX-13JUV-0626-SM-5J1MQ,0.469605878424,0.285237140949,0.0738142952572,0.00167000668003,0.169672678691
334,GTEX-13FLV-0011-R6a-SM-5KLZ4,0.896866096866,0.0219943019943,0.00376068376068,0.0471794871795,0.0301994301994
335,GTEX-13X6J-0011-R6a-SM-5PNUB,0.942039989876,0.0112629713996,0.00316375601114,0.0287269045811,0.0148063781321
336,GTEX-139T6-2026-SM-5IFFL,0.0302818287164,0.00489756652163,0.165817609375,0.000284233771345,0.798718761615
337,GTEX-1J8QM-2326-SM-CYPSL,0.757235953737,0.068925027887,0.153819057124,0.000998062584395,0.0190218986673
338,GTEX-U8XE-0008-SM-4E3K4,0.155102040816,0.0344276841171,0.717302573203,0.0141969831411,0.0789707187223
339,GTEX-1JN6P-0626-SM-ARZN6,0.421720375539,0.527023598072,0.00270658885224,0.0225831007359,0.0259663368012
340,GTEX-1211K-0426-SM-5FQTP,0.408679174562,0.563563292589,0.00137434146138,0.0200528913229,0.00633030006455
341,GTEX-1I1GQ-0011-R6b-SM-CE6SE,0.912106135987,0.0292979546711,0.00442233278054,0.0298507462687,0.024322830293
342,GTEX-1LG7Z-1126-SM-DIPF2,0.384254689042,0.170039486673,0.273692003949,0.00197433366239,0.170039486673
343,GTEX-1F6I4-0002-SM-EVR38,0.446499559618,0.532385917303,0.000214239805756,0.0189007117522,0.00199957152039
344,GTEX-ZYFC-0726-SM-5E448,0.273502355845,0.100740408346,0.294144043078,0.00426295714606,0.327350235584
345,GTEX-11WQK-1026-SM-5EQLX,0.0284539673539,0.009498157074,0.113086799789,0.00064806188991,0.848313013893
346,GTEX-QDT8-0011-R2A-SM-32PKQ,0.849546449797,0.0591179230529,0.00844541757898,0.0602126994057,0.0226775101658
347,GTEX-1F48J-0011-R6a-SM-CJI2F,0.846752469321,0.0962286740497,0.00329242741694,0.0324753067944,0.0212511224184
348,GTEX-15DDE-0011-R9b-SM-6M46U,0.779661016949,0.162283265147,0.00506526397818,0.0280537697253,0.0249366842003
349,GTEX-1RDX4-0005-SM-DLHBS,0.127079446349,0.784292966547,0.00228229270621,0.0567275567319,0.0296177376665
350,GTEX-1QCLZ-1626-SM-E9U5R,0.0677772600186,0.0131640260951,0.0587604846226,0.00135135135135,0.858946877912
351,GTEX-1HFI7-0326-SM-9WPOX,0.845137157107,0.0371571072319,0.0143807148795,0.0561928512053,0.0471321695761
352,GTEX-OIZF-1026-SM-2HML5,0.147132710229,0.833750877531,0.00173097306152,0.015344749267,0.00204068991149
353,GTEX-1QCLY-1126-SM-EAZ4J,0.774848736505,0.127298611935,0.0137857397082,0.0461027405386,0.0379641713133
354,GTEX-139T6-1426-SM-5P9J7,0.300317460317,0.14126984127,0.465396825397,0.00634920634921,0.0866666666667
355,GTEX-1AX9I-0011-R11b-SM-7DHN4,0.833410092769,0.0184222646227,0.00822422527798,0.121389565103,0.0185538522271
356,GTEX-1GN73-0011-R8b-SM-CKZNY,0.901074385017,0.0245405976634,0.00428579815652,0.0548347325779,0.0152644865849
357,GTEX-X4XX-0011-R2A-SM-3P623,0.838648698091,0.0553082505031,0.000792731264101,0.0833587413867,0.0218915787548
358,GTEX-13NYB-2426-SM-5IFF4,0.0665269112387,0.250664670161,0.01554612761,0.00384327427003,0.663419016721
359,GTEX-1LVAM-1926-SM-E6CIM,0.0886597938144,0.017107829479,0.0763165227083,0.00144887155196,0.816466982446
360,GTEX-14PJO-0011-R1b-SM-6AJAK,0.874128312413,0.0414923291492,0.00453277545328,0.0502092050209,0.0296373779637
361,GTEX-18QFQ-1326-SM-731CF,0.330118232732,0.297033810413,0.23698402821,0.00176311968471,0.134100808961
362,GTEX-QDT8-0226-SM-32PL4,0.336452095808,0.478480538922,0.102170658683,0.0104790419162,0.0724176646707
363,GTEX-YEC3-2326-SM-DO92F,0.254020347883,0.141778798819,0.499835904168,0.00557925828684,0.0987856908435
364,GTEX-1JMQJ-2426-SM-E9TIL,0.388431496728,0.193371332067,0.0922524804729,0.0208993033566,0.305045387376
365,GTEX-146FQ-1126-SM-5NQBM,0.324029126214,0.0928398058252,0.295509708738,0.00606796116505,0.281553398058
366,GTEX-REY6-1326-SM-48FDO,0.0776350503871,0.0127157129882,0.0350186698961,0.00113893574384,0.873491630985
367,GTEX-X4XX-0011-R4B-SM-46MWL,0.872937606676,0.0464631139769,0.00151716290537,0.0568936089513,0.022188507491
368,GTEX-14PQA-0011-R1b-SM-6EU1G,0.778413736713,0.124829653857,0.00517852275824,0.0441537203598,0.0474243663123
369,GTEX-1L5NE-0726-SM-CXZKQ,0.824409516819,0.142428429552,0.00820415389266,0.0130402867136,0.011917613023
370,GTEX-1C6VQ-0126-SM-7P8RI,0.0581018356541,0.00984302474751,0.0361999393558,0.00125953397243,0.89459566627
