i_doc,doc,Topic 1,Topic 2,Topic 3,Topic 4,Topic 5,Topic 6,Topic 7,Topic 8
0,GTEX-111CU-0626-SM-5EGHL,0.0010796539399123553,0.0034779918065064655,0.00016897333632959262,0.8987067214852322,0.00033087938195284957,0.0016894517756752398,0.03866096619000875,0.05588536208438261
1,GTEX-111CU-1226-SM-5EGIN,0.0012454935052364639,0.0017112413398724536,6.794658070265811e-05,0.8426714654893911,0.00016506383394468288,0.0014454543430432194,0.051571089171449806,0.10112224573635953
2,GTEX-111CU-1426-SM-5GZYP,0.01786693898227468,0.000661450490040893,9.34788095627075e-05,0.011834850014765403,8.680404807432552e-05,0.030317706178140877,0.9128296603233066,0.026309111153834473
3,GTEX-111VG-1626-SM-5EGIO,0.0010258594213873938,6.251052511796277e-05,5.177804394654966e-06,0.00029655202874350834,1.115167240216755e-05,0.9971358338542936,0.0009910233469179353,0.00047189134674273294
4,GTEX-111YS-2426-SM-5GZZQ,0.0012624698328374821,0.0033546315567608556,0.0020866231437727846,0.1267482038497186,0.0003189806265761798,0.003248068370849362,0.5927005444097307,0.270280478209754
5,GTEX-1128S-0926-SM-5GZZU,0.002647684510302215,0.0008976542680779737,0.024336766212353846,0.23768811089725128,6.697736007003356e-05,0.002492412545606115,0.16221514811405593,0.5696552460922827
6,GTEX-1128S-2126-SM-5H12U,0.0008786903440475756,0.001632339756096503,0.04346558851716359,0.08346553782138699,0.00012951634066418969,0.0017570483355083938,0.6738849196213192,0.19478635926381352
7,GTEX-113IC-0426-SM-5HL5O,0.0013125218302036572,0.000890976689696047,0.0007571573430376277,0.7578698002734413,0.00022432828521208825,0.0015011984083167583,0.08877024390666734,0.14867377326342507
8,GTEX-117YW-0008-SM-5QGRD,5.1254579005986136e-05,2.5799534641450335e-05,7.3044112673078476e-06,0.009055314264990457,8.616153178515894e-06,0.0003909483866721519,0.002612676016285945,0.9878480866539581
9,GTEX-117YW-0326-SM-5N9CY,0.0952594693874385,0.008836679613258448,0.0059818683693219285,0.11300969647683819,0.6357733246844504,0.001740461884992841,0.0890331817235667,0.05036531786013306
10,GTEX-117YW-1926-SM-5H121,0.9256422210491286,2.268094502436415e-05,0.00016023580477759358,0.0009467065094751764,3.6890678620045507e-06,0.0693446836573946,0.0016198394223857554,0.0022599435439516814
11,GTEX-117YX-0626-SM-5EGJI,0.6829779026566827,0.021245462393775612,4.272422805630148e-05,0.02601049813489842,0.2372707873901814,0.0002536223102324449,0.016435683635832678,0.015763319250340697
12,GTEX-11DXW-0008-SM-5Q59V,6.71193909142152e-05,2.3280945562430533e-05,7.011993858777403e-06,0.00655392676164525,7.73009717472795e-06,0.0003962300006205745,0.002100635646856466,0.9908440651633675
13,GTEX-11DXW-0011-R5b-SM-DO11D,0.0008352069128278569,0.0023694870707660445,0.0026328033539359946,0.016837687026437308,0.0007742597173080748,0.0016018087984985684,0.9696927772236914,0.005255969896534845
14,GTEX-11DXX-0526-SM-5PNVR,0.7345437531421449,0.024011959523927807,0.00040536935105127907,0.05418054970777766,0.12760561252184258,0.00029766557109133613,0.03375595658739526,0.02519913359476922
15,GTEX-11DXY-0426-SM-5H12R,0.002567692748167903,0.0015596496394920589,0.002033353649755074,0.2550095888249592,0.00039650446459140506,0.006044857776807406,0.6604467828397904,0.07194157005643642
16,GTEX-11DXZ-0426-SM-5987Y,0.0009020793065498831,0.00047292280716369154,0.00018867224050101821,0.8623312985157955,0.0001526291015292565,0.0007686564184289197,0.02577018184852662,0.10941355976150507
17,GTEX-11DXZ-2426-SM-5N9DT,3.7362571604975625e-05,0.7856862981052529,7.711446318245135e-06,0.0004916431631567102,0.21265024406930025,1.829304230148478e-05,0.0007141413164672145,0.000394306285598144
18,GTEX-11DXZ-2626-SM-59882,0.0012631997014280276,0.0009652614685149983,0.00035501871122173057,0.8971987237725599,0.00035335763428439443,0.0010599295322600254,0.015834826556124858,0.082969682623606
19,GTEX-11DYG-0011-R5a-SM-DO928,0.0007831028632019592,0.002173349990387508,0.0010001400464078715,0.009428206175505976,0.0011897802306629645,0.0010907414158347944,0.9808225861985557,0.003512093079443293
20,GTEX-11EI6-0011-R8a-SM-DO93M,0.0005098933128825947,0.0023675545584269752,0.02040393919973006,0.015478956196469771,0.0009658552251097445,0.0009404810237531063,0.9510712611933054,0.008262059290322348
21,GTEX-11EI6-0126-SM-5985R,0.001086092923456832,0.00031146450285148025,1.553804385611232e-05,0.005478842810927862,3.766408997847689e-05,0.976233629811872,0.007090348787598845,0.009746419029458277
22,GTEX-11EI6-0326-SM-5EQ6G,0.00016722917760863632,0.7402222809291041,5.408006334509614e-05,0.00332750715344113,0.24975225622548183,0.00017113512989421362,0.0037399169999516027,0.0025655943211733453
23,GTEX-11EI6-2626-SM-5PNVT,0.0005731041121678747,0.0021746767120760014,0.003356705257484902,0.8853589170453596,0.00036393694906863806,0.0012099664106768515,0.07008205525943553,0.03688063825373056
24,GTEX-11EI6-2826-SM-5H11D,0.006014257329555973,0.0006599808512271577,0.0001174806093513051,0.05551074972525512,8.063171772614011e-05,0.8764344166454273,0.03684409952632843,0.024338383595128608
25,GTEX-11EI6-2926-SM-5985U,0.0012296405413370348,0.002827234702608951,0.006188172850577208,0.016142003668678986,0.0009716565036799168,0.00361963328660041,0.9647440653961072,0.004277593050410236
26,GTEX-11EM3-0226-SM-5985Y,0.0011220859096399433,0.0010473247920204719,0.00010728206392207368,0.8742632772641218,0.00041021954599078483,0.0008958523557156643,0.020323048839986264,0.10183090922860302
27,GTEX-11EM3-0426-SM-5N9BZ,0.5782326905241145,0.0342510477523113,0.00019612089880829316,0.08616809075648314,0.1829587034117831,0.0005944092844341876,0.05512403981163682,0.06247489756042861
28,GTEX-11EQ8-0226-SM-5EQ5G,0.0031676855215780723,0.002648434217653173,0.0022646420474043065,0.17999888240026227,0.0003201390684465291,0.007635366231422507,0.431059218324105,0.37290563218912803
29,GTEX-11EQ8-0826-SM-5N9FG,0.002760252826191742,0.002268133085656082,0.011793034612739929,0.07803171025639685,0.00026847280671167144,0.009534637294290072,0.8240252036957024,0.0713185554223113
30,GTEX-11EQ8-1326-SM-5EGJQ,0.5543380433819697,0.027289961554588186,0.004116183628180636,0.1218892954812159,0.09389529109484929,0.0017819707078202693,0.10097723804233898,0.09571201610903707
31,GTEX-11GS4-0226-SM-5HL77,0.0008141605776821522,0.00021603097664467695,5.4429097435746134e-05,0.002857701786476849,2.574106188771119e-05,0.9800190000207616,0.009134049586537567,0.006878886892573786
32,GTEX-11GS4-2626-SM-5A5LD,0.0012447034990389976,0.0015883134075616607,0.014441328735018471,0.26838950232896885,0.00020924508622346142,0.007312301919220876,0.35813392748410916,0.3486806775398587
33,GTEX-11GSP-0126-SM-5A5KU,0.001599579294899464,0.07112877002795326,0.025128614450999908,0.1847478583494218,0.058641442022419554,0.0017272993945577015,0.6032541213613923,0.05377231509835595
34,GTEX-11GSP-1326-SM-5A5KY,0.10366344495029287,0.011322016663748857,0.03328090298478229,0.07957056807812947,0.6494194924238934,0.003159626610521414,0.0729658733851102,0.046618074903521566
35,GTEX-11H98-0126-SM-5EGHG,0.0017278345865269417,0.0003794759071565613,4.827014032557885e-05,0.02061296450868016,3.205616502287939e-05,0.9508927576835335,0.011911410390352005,0.014395230618402283
36,GTEX-11I78-1226-SM-5A5K6,0.008495968312162075,0.0012984394665599296,9.591922246070581e-05,0.038748022303250244,0.00027508345258691404,0.026798554200140726,0.9008970282593912,0.023390984783448032
37,GTEX-11I78-1326-SM-5PNY9,0.0005740904688103065,0.0009501651693638716,9.600825289422982e-05,0.885703180640321,8.685917024807173e-05,0.000555872715837486,0.018524008265848886,0.09350981531667604
38,GTEX-11I78-1426-SM-5PNVY,0.0020102351567247894,0.003851435796263128,0.000869595165723954,0.9067877488728827,0.0005301460976283858,0.0017153420229550154,0.03805554697115677,0.046179949916665256
39,GTEX-11LCK-0008-SM-5Q5BB,6.537085649851943e-05,2.512534135235473e-05,7.6223726063160526e-06,0.009939443831563883,8.86536594275759e-06,0.0004785422040807314,0.0033484172538160166,0.9861266127741394
40,GTEX-11LCK-1026-SM-5A5KB,0.0025165378537855723,0.000857546888718195,2.2011378011377947e-05,0.016134248589084615,7.951974955153364e-05,0.937607453943647,0.02156577590855625,0.021216905688645555
41,GTEX-11LCK-1626-SM-5PNYB,0.0008264716651620927,0.0033163952120011213,9.510861116167983e-05,0.9149981589698837,0.00040086425252897203,0.0015284450997192693,0.041558657039816836,0.03727589914972625
42,GTEX-11LCK-1726-SM-5S2OQ,0.8586604467350477,3.267963457406126e-05,4.919858932174357e-05,0.0005547673838846545,4.149089771701684e-06,0.13481017749356267,0.003856426521413272,0.002032154552424225
43,GTEX-11NSD-0126-SM-5987F,0.002153035465288115,0.0012345995196413005,0.00023668210516770944,0.054970991552176184,0.00029390019414764245,0.008558721572170818,0.9000497283145851,0.03250234127682316
44,GTEX-11NV4-0005-SM-5N9EX,0.001071391282103842,0.001816113379443996,0.8100710924591688,0.013029052235783099,0.00020540000937097443,0.0017288053446686733,0.13043646824075553,0.04164167704870511
45,GTEX-11O72-0008-SM-5Q5DN,5.560688034574049e-05,2.911373764795824e-05,8.089961118580898e-06,0.006974163567504782,9.500044518988236e-06,0.000792231487814233,0.003747690470027917,0.9883836038510218
46,GTEX-11O72-0226-SM-59869,0.002692053258064871,0.001265556486320356,0.020985651424807565,0.1972315352136838,0.00011792154051911635,0.005545465386383349,0.33763988326649474,0.4345219334237261
47,GTEX-11O72-2226-SM-5PNW2,0.0006988332081275931,0.0009887391230977002,0.002926229843323565,0.374330485223902,0.00013558125908903597,0.0009262136883002618,0.576136776769002,0.043857140885157804
48,GTEX-11OC5-0008-SM-5S2OH,6.748242088586032e-05,4.449064394722216e-05,8.792277516865679e-06,0.009934195100887366,1.0287106632669076e-05,0.0005549402809642441,0.005630608150963449,0.9837492040182022
49,GTEX-11OF3-0011-R6b-SM-57WBG,0.0007966146264490727,0.0017585767513410594,0.002024974305590574,0.010312891928640423,0.0009108647779761254,0.0013553079833022493,0.9793357800127221,0.0035049896139782706
50,GTEX-11OF3-2526-SM-5P9JL,3.2286383573147497e-05,0.28521612557123116,8.391303671850654e-06,0.00021928230731435816,0.7140225297788118,9.98162879794712e-06,0.0002742816077819023,0.0002171214188177855
51,GTEX-11P7K-0003-SM-5S2OU,0.0003657549143053203,0.0005244274872663017,0.008961016103194245,0.008414722851218807,5.44144460184354e-05,0.0026029379724243295,0.7799591114941475,0.19911761473142492
52,GTEX-11P7K-0226-SM-5986Z,0.002127709987963414,0.0011970602850072671,0.0009196715420265176,0.11883999652568507,0.00021904886601784468,0.008887567952355954,0.8138615130508867,0.053947431790057135
53,GTEX-11P81-2426-SM-5GU65,0.0014232195060494852,0.002644261004111272,0.003933964923230528,0.18123626408341892,0.0002567923283665956,0.006653127369173412,0.5384444237929248,0.265407946992725
54,GTEX-11P82-0526-SM-5986P,0.9644581838945774,4.5736388968454014e-05,1.75822940235853e-05,0.002546641146866081,5.483393627212891e-06,0.02661409420427649,0.0045832940953629995,0.0017289845822977335
55,GTEX-11PRG-0011-R4a-SM-DNZZR,0.0006839366879461641,0.0015229924832748597,0.015370214137479105,0.01291349877090895,0.0006873750179740727,0.0010427370507320342,0.9608985026654526,0.006880743186232192
56,GTEX-11PRG-0626-SM-5BC56,0.005966423338765034,0.0014837307035278414,0.0014646105195899799,0.28339518020720394,0.00016580579479086023,0.010066153783048627,0.3442992325030288,0.35315886315004474
57,GTEX-11TT1-1326-SM-5PNYM,0.22715651983907229,0.03195316079843225,2.872251784845433e-05,0.02982502301093718,0.6716935884384726,0.0004305514500282977,0.011772172595561172,0.027140261349647688
58,GTEX-11TTK-0005-SM-5O9BX,2.5435688005082227e-06,2.0516273332195284e-06,0.9998612188149757,7.922010842973573e-06,1.309433050468175e-06,1.1572416100372601e-05,6.14871456664331e-05,5.18949832302605e-05
59,GTEX-11TUW-2026-SM-5EQL8,0.0008222641910957281,0.0021517997678183335,0.00015987782146223398,0.8775858623642274,0.00030255489024371747,0.0014130686103421967,0.0501461194415677,0.06741845291324254
60,GTEX-11TUW-2526-SM-5EQKN,0.0003013710590834444,0.5807108516118772,7.535317643649486e-06,0.0010678043283604652,0.41532646385593736,2.503582272690752e-05,0.0012601580453457562,0.00130077995902509
61,GTEX-11VI4-0006-SM-5N9D8,6.871895920300288e-05,4.917654478391549e-05,0.9945167089581645,0.00045619387935235414,4.650118984800012e-06,0.00011583480754332957,0.0027662486238763597,0.0020224681080917165
62,GTEX-11VI4-1226-SM-5EQMP,0.004816488803713983,0.002933736498027772,0.0038359167813158306,0.4195668000601795,0.00040539596725996154,0.004853138279999578,0.35742555690518013,0.2061629667043233
63,GTEX-11VI4-1726-SM-5CVLH,0.0021623615053395825,0.0011746611318438382,0.00015099379046356416,0.03449616271548084,0.00017514656319395503,0.9124407048264522,0.02356253392818174,0.025837435539044114
64,GTEX-11ZTT-0002-SM-5S2PA,0.000243267192609275,0.00019076463832128394,0.0027628026083405225,0.0019376848184545956,2.5416956230825044e-05,0.0007813580731609154,0.918392917760948,0.07566578795193456
65,GTEX-11ZTT-2526-SM-5EQM9,0.0009558465620115235,0.004762921905396061,0.00048471503606231837,0.1275856613803056,0.0003342490459375032,0.003071417693889469,0.5721520149602467,0.29065317341615093
66,GTEX-11ZU8-1126-SM-5EQ5K,0.000498672378744202,0.0026985505458604867,0.014211952934599544,0.934903391268799,0.0004617616864985699,0.0011088937552431266,0.021537835209941528,0.024578942220313645
67,GTEX-1211K-0626-SM-5FQUZ,0.18713761476785856,0.01836654089914611,9.51449990322334e-05,0.047996392166532384,0.6981136008982194,0.0008569264683553781,0.01651003233929673,0.030923747461559317
68,GTEX-1211K-0726-SM-5FQUW,0.0018448168628754794,0.0019854005119202636,0.0001319358681583054,0.06337661468693676,0.0006123279827085998,0.006796392093979829,0.8855061769172966,0.0397463350761241
69,GTEX-1212Z-0726-SM-5EGI5,0.8516976027667703,0.010945457565949527,0.01386531039697713,0.022032633603468344,0.07804648954113179,0.00018830112578140055,0.004445563625584707,0.018778641374336776
70,GTEX-1212Z-2426-SM-5EQ5D,0.0016937551667412956,0.002114932107050873,0.015290395465286,0.4194059722690554,0.00034754471156461407,0.006865461902776842,0.2686400661205494,0.28564187225697546
71,GTEX-12696-1926-SM-5EGJT,0.0009541227971973954,0.0023120404794722484,0.0011643033678411783,0.8933382230743147,0.0009961321291146771,0.0012012010749881306,0.06820500102736747,0.031828976049704284
72,GTEX-1269C-2826-SM-5EQ5O,0.0009800218720349206,0.0011571058282044545,0.0005013343640481874,0.9142938098862612,0.0005044292231293144,0.0010708990940756144,0.014788195477880203,0.06670420425436616
73,GTEX-12BJ1-0008-SM-5TDBZ,0.0003548847474403156,0.006673796703448075,9.504918813390501e-06,0.008837654614549093,0.002101438843100988,0.0010133882332277347,0.005242411112219127,0.9757669208272014
74,GTEX-12BJ1-0226-SM-5LUA2,0.06393954144823859,0.01753060947893143,0.0007141273978135991,0.025845879872423046,0.8668627082972497,0.0008246539628921555,0.018115975470592526,0.006166504071859151
75,GTEX-12BJ1-0326-SM-5FQUB,0.8459364383419474,0.013907187353435203,0.0006523688956688779,0.025152437042761856,0.0574913106411324,0.00018013950114268513,0.007327863424678352,0.049352254799233226
76,GTEX-12BJ1-0826-SM-5EQ5P,0.0013711830495572257,0.0017650189741048633,0.001217288508257257,0.13780023295975236,0.00013232231179298825,0.003181177151461531,0.536975957480041,0.3175568195650326
77,GTEX-12KS4-0005-SM-5SI94,0.00011301874879999466,0.00010647736478847824,0.9727024830396805,0.000914298981851832,9.359070060819565e-06,0.00026959813004686826,0.018815518252788203,0.007069246411983226
78,GTEX-12WSA-1426-SM-5EGJU,0.8101701494083683,0.0003821993125233597,0.00029088167900303923,0.015571952570732284,2.1456876845468666e-05,0.1244622336879079,0.033899407695645256,0.015201718768974562
79,GTEX-12WSC-1726-SM-5GCN3,0.0052859779266914595,0.0025815628275245167,0.0024371261077188754,0.22603115205285054,0.00016260510280699953,0.009669461406865355,0.5011355193558702,0.252696595219672
80,GTEX-12WSD-0005-SM-5N9FZ,8.235120886537478e-05,0.00015222516326341443,0.9820605124687486,0.0011629342620158424,4.5043073408185484e-05,0.000329804041613357,0.013132359021981366,0.003034770760103877
81,GTEX-12WSD-0926-SM-5GCNL,0.002067867995305256,0.0010926583361027295,0.03008006447089264,0.11907683101674436,0.00019678971669664482,0.00972778653479735,0.7871819923505926,0.05057600957886857
82,GTEX-12WSD-2626-SM-5EGJE,0.0004252563525189962,0.001502088443132885,0.0008583631341686227,0.9149225603666027,0.00025695516562618335,0.0009879305266456855,0.051468423039306814,0.029578422971998097
83,GTEX-12WSE-1126-SM-7DUEH,0.0012854487236511455,0.03967439409080708,0.038732859469650015,0.33615187436845534,0.047128441312673415,0.004877949702018876,0.360414554691797,0.1717344776409472
84,GTEX-12WSF-0926-SM-6PALU,1.6939006933426355e-05,0.6421994417428066,4.639681785004898e-05,0.0003474009268978884,0.3569452259050192,1.0053384387276066e-05,0.00022883777109479377,0.00020570444501067118
85,GTEX-12WSJ-0326-SM-5GCMT,0.0019951911403515046,0.000889814982114025,0.0002258789870119634,0.050661384168720645,0.0001649592599144427,0.007508748728889896,0.8628336583544451,0.07572036437855238
86,GTEX-12WSK-0426-SM-5GCNS,0.0008162086308597025,0.0005181028101291658,9.19422388856113e-05,0.9226410689022497,0.00023650114495048666,0.0004720770723413127,0.011343667204943998,0.06388043199563997
87,GTEX-12WSK-0926-SM-5CVNQ,0.0019629283633629817,0.003059667660513849,0.0014116597379096821,0.06975045307539858,0.0007189928093945469,0.007355901555640592,0.879153519813497,0.03658687698428294
88,GTEX-12WSL-0005-SM-5NQAD,0.0001687127529523143,8.717343151622628e-05,0.9873568082677777,0.0013148502833781844,9.094049952017743e-06,0.00012675923558231003,0.005207369121125257,0.005729232857715971
89,GTEX-12WSL-2626-SM-5GCNV,0.000929201527733325,0.0009949430229367142,4.147737272565761e-05,0.8546387137435723,0.000184355742908567,0.0006726411694703264,0.020097232708704164,0.12244143471194906
90,GTEX-12WSM-0011-R1a-SM-5LZW6,0.0010650195759870787,0.0016218436150686613,0.00022127551452688984,0.012350610625239438,0.0012202368185349527,0.005924498957751,0.9737310028698118,0.003865512023080196
91,GTEX-12WSN-0326-SM-5GCP6,0.0005980682154533757,0.0009322367253541475,6.572436261510181e-05,0.8222084197317118,0.0001837873150864495,0.0011484498076988964,0.02427259573230463,0.15059071810977573
92,GTEX-12WSN-2726-SM-5LZUK,0.0010930753713912023,0.0011341192211160684,3.4163640223519434e-05,0.8947229169203489,0.0002815370710036932,0.0005330934056510148,0.01097224788434931,0.09122884648591631
93,GTEX-12WSN-5013-SM-7P8P9,0.770380099373492,0.0001568416072885918,0.0005734721306294611,0.02259805990885049,8.929911842325032e-06,0.14453779101085856,0.03018683178312234,0.03155797427391611
94,GTEX-12ZZW-2426-SM-5DUWE,0.00188133980278022,0.0015622003501342375,0.0010669911868496573,0.8220345623394643,0.00016040351968010173,0.0019422460317820105,0.07613719114009133,0.09521506562921832
95,GTEX-12ZZY-0826-SM-5EQMT,0.0021635822063583187,0.001055156361328119,0.012537693220037385,0.18922904816341363,0.00021147202967638362,0.00690871752335835,0.7017930991199189,0.08610123137590892
96,GTEX-12ZZZ-0008-SM-5YY9S,5.3563069951416e-05,2.032636397236229e-05,7.677000592965633e-06,0.00301064311591286,8.352745371402308e-06,0.00038586724650809597,0.002467531839114872,0.9940460386185759
97,GTEX-13111-0226-SM-5EQ55,0.0023825063410017715,0.0013902163787372212,0.0002767765372415466,0.24117564633861235,0.0003218504109779451,0.007237267326930975,0.6166627774434937,0.1305529592230045
98,GTEX-13111-0826-SM-5LZV3,0.8600132159154842,5.0955134151214486e-05,0.00017750416059684383,0.0042203389066130595,5.685900239037192e-06,0.09804289899992773,0.03425073334456003,0.003238667638427861
99,GTEX-13111-1926-SM-5GCOL,0.0011001914594624637,0.0025407844661826996,5.4729749667757156e-05,0.8813492256672455,0.0002815520113052749,0.0013116676187605383,0.06085652430093894,0.052505324726436826
100,GTEX-13112-2626-SM-5BC66,5.1393049643622784e-05,0.2562878539380169,7.506356617631531e-06,0.0002920561577527279,0.7428236579939531,1.5762567588339548e-05,0.0002694536806627057,0.0002523162557648596
101,GTEX-13113-0006-SM-5NQ7X,8.997240995693283e-06,3.7874091319936473e-06,0.999744071998461,2.843827476094194e-05,1.5676562054584516e-06,1.1730378397880181e-05,8.215845493218626e-05,0.00011924858711464619
102,GTEX-13113-5016-SM-7EPIP,0.0024039611658701336,0.00048473637143872005,2.5986760602044067e-05,0.007126913704892736,4.602868552618922e-05,0.9584447272210493,0.022375125450991348,0.00909252063962941
103,GTEX-1313W-0006-SM-5O9B1,4.3589051154258495e-05,1.2975226898410073e-05,0.9975287583327012,0.000221923428285503,2.421634089535215e-06,8.46082286101866e-05,0.0011164843597840333,0.0009892397384769873
104,GTEX-1313W-0008-SM-5YYAP,0.0001352310032299355,4.572968191190943e-05,1.0099889108147425e-05,0.005137061167783578,1.1984440499181172e-05,0.0007791342945587717,0.005508302052981262,0.9883724574699272
105,GTEX-1313W-0011-R3a-SM-5EGLI,0.0006336813877814039,0.0018284407442291052,0.00035863754785453667,0.008943236966303298,0.0013727881871923575,0.000958781830935664,0.9830392324507421,0.002865200884961473
106,GTEX-1313W-0726-SM-5EGK1,0.0011850658201788648,0.0008856869543300933,0.019295653316495357,0.08925457136614402,0.0001658233735991472,0.006135927435327671,0.8330079774052795,0.05006929432864535
107,GTEX-131XE-0126-SM-5LZVC,0.0021643066192028712,0.001443014862349309,0.0013240701117450645,0.10823177143575635,0.00038282265843433,0.008235930557834429,0.7900271513458698,0.08819093240880772
108,GTEX-131XE-0526-SM-5K7YT,0.7823405832954702,0.023101794071835415,0.0003693769714566591,0.03461129721843992,0.10671235306389829,0.0002565289000840009,0.010023312887142677,0.042584753591672936
109,GTEX-131XE-1026-SM-5EGKE,0.000725185553857051,0.0040470918343962,2.1037364161590218e-05,0.9073168947857356,0.0006269558181276351,0.0015577918857199516,0.058928774668035706,0.026776268089966117
110,GTEX-131XE-2726-SM-5P9G7,0.000345787668298264,0.4543762190936988,3.420604727765092e-05,0.001678017839713622,0.539402351725296,4.911326686139896e-05,0.001856552313024743,0.002257752045829493
111,GTEX-131XF-1826-SM-5EGKG,0.0011328009696020588,0.0009553671192029092,0.00024528252820924207,0.07369083141952391,0.00028313213445079524,0.004222415225301281,0.8958342986494598,0.023635871954249797
112,GTEX-131XF-2226-SM-5EQKG,0.0015798144637132322,0.006234989596084039,0.0006793636738941292,0.3906638979270696,0.0006885017780178333,0.004242972174385734,0.4219622343515458,0.17394822603528967
113,GTEX-131XF-5001-SM-7DHLY,0.059823214773567245,0.019593566259742054,0.00010329176407489972,0.01850815997327282,0.8793618067345984,0.0006529325359975839,0.01724610322852035,0.004710924730226678
114,GTEX-131XG-0006-SM-5O9CE,0.0017578499972422345,4.3942884046594536e-05,0.9913829757899223,0.0006880664044332717,4.3725363135325e-06,8.755082477838395e-05,0.002944944504745128,0.003090297058518669
115,GTEX-131XG-0926-SM-5LZW5,0.008602035849233913,0.17367491128305557,0.00019425069626448824,0.4877363388394006,0.14015244314655073,0.002245959277510531,0.06526712619192715,0.12212693471605707
116,GTEX-131XW-0008-SM-664MJ,0.00010247777263080486,4.4271720679637254e-05,9.037839964587454e-06,0.009746676554053327,1.0972697286790696e-05,0.000646800410434675,0.006933471161882976,0.9825062918430671
117,GTEX-131XW-0526-SM-5PNXZ,0.0015241556505739876,0.0013989231568786393,0.005131602289437029,0.40238468091425017,0.00012677543475282085,0.0059713064768181405,0.24457279523805636,0.3388897608392328
118,GTEX-131YS-0011-R11b-SM-5EGLM,0.0005352262780879877,0.0025715480818307543,1.8480626813555622e-05,0.011556111586978854,0.0008364613583586442,0.0023250749029975915,0.9795245227086431,0.002632574456289538
119,GTEX-132AR-2726-SM-5PNVN,0.001985875501036065,0.00015432738987658347,7.653042247073311e-05,0.0018715960843095467,2.6787495688673633e-05,0.0034313301932053213,0.9858821928090663,0.006571360104346897
120,GTEX-132NY-0005-SM-5O9AC,9.35701591922861e-05,0.000537844570422806,0.9887407690441838,0.0007306713587615054,9.337553604023162e-05,0.000141449743597682,0.006603958417777829,0.00305836117002372
121,GTEX-132Q8-0626-SM-5L3F3,0.0015881579055703992,0.6835428414652859,0.0006668911308581924,0.009996308129575898,0.2868479372139836,0.0003458467100037663,0.009379636211248921,0.007632381233473493
122,GTEX-132Q8-1826-SM-5EGIY,0.6695668995969459,0.0004405726828065386,0.01544252506949255,0.014151793481220493,2.161873318899466e-05,0.20990674421579744,0.07201050268516439,0.018459343535383584
123,GTEX-132QS-0326-SM-5IJFN,0.002714026438628719,0.001187019347845039,0.001179314511632681,0.08139094978045283,0.00019174151735687,0.008228263062924845,0.8465416711449926,0.05856701419616627
124,GTEX-133LE-1926-SM-5N9FV,0.0014807890049804639,0.002235298633422703,0.0025245012110434125,0.13041835943165309,0.00013291616162737464,0.003013608117776024,0.5588415743389922,0.30135295310050475
125,GTEX-1399R-1726-SM-5K7YJ,0.691768454758819,0.033360342359713156,3.567226669346404e-05,0.043451062350167394,0.18320706341682308,0.0004769969754139742,0.027028336654617343,0.02067207121775262
126,GTEX-1399U-1926-SM-5IFH7,0.0057639707602017915,0.0003233616548103424,0.00014136795439352001,0.005312411766230837,4.512976243813949e-05,0.012073652111396297,0.9665349105748121,0.009805195415716903
127,GTEX-1399U-2526-SM-5L3DL,0.00012669188422518765,0.5096918539717402,9.512323026252673e-06,0.00048703995450009,0.48839438963400433,4.2464156737965264e-05,0.0006172257336554605,0.0006308223421106088
128,GTEX-139TS-2226-SM-5J2N1,0.0012925283697175828,0.0025283165788796947,0.0030292684352884714,0.8936106012974155,0.0004581054592679119,0.0016332769731948673,0.0589547244647455,0.03849317842149061
129,GTEX-139TS-2626-SM-5J1MT,4.179032706069157e-05,0.2910197113807089,4.941838174614232e-06,0.0004006351788026784,0.7079734483632999,1.3905210072504266e-05,0.00026451773736808795,0.0002810499645126333
130,GTEX-139TU-1326-SM-5LZXW,0.019545727532273346,0.0038508735346226117,0.019508756030875207,0.7627853880324793,0.0005575701525560308,0.0053664413403226195,0.116001766275176,0.0723834771016949
131,GTEX-13CF2-0011-R11b-SM-5LZXO,0.000366225701113136,0.0028419399535983187,0.0001548140132081452,0.009666223157507084,0.0008878842224191172,0.0018960704840296195,0.981788487203823,0.0023983552643015707
132,GTEX-13CF2-0226-SM-5L3DV,0.7536341852136287,0.017896067639281584,0.00454882730804495,0.06787127270502215,0.12047507651563362,0.00039063123853762965,0.010023660089318575,0.02516027929053276
133,GTEX-13CF3-0726-SM-5J2MY,0.14585984902326316,0.015117368332849162,0.0012998001236411963,0.030030323560335886,0.7800385652987807,0.0002561723460224811,0.014092781797277,0.01330513951783039
134,GTEX-13D11-0226-SM-5LZXL,0.0018548958408697476,0.0006322487848164564,0.005109435020649203,0.07218389821721084,0.00011847244711553206,0.004503854950218504,0.873154814583061,0.04244238015605874
135,GTEX-13D11-1426-SM-5K7Y9,0.0006322018286079492,0.0005690982591957342,0.00012451710430948733,0.77938578713641,0.00015054078208925775,0.0007421476852398958,0.07543398351793267,0.14296172368621504
136,GTEX-13D11-1726-SM-5IFGQ,0.10576817848655812,0.01581973741769763,0.00013250060177549513,0.026173987897944045,0.8223499424327942,0.0007384697416550565,0.02055440467980596,0.008462778741769547
137,GTEX-13D11-2726-SM-5K7V7,0.0006159790418597933,0.0007171264682842702,0.0004329440726575392,0.8693267497736195,0.0001367189112616776,0.000683359162834027,0.02393102298045149,0.1041560995890317
138,GTEX-13FH7-0126-SM-5KLZ1,0.0010529495633888868,0.00037236735611368007,0.0001003443247453269,0.048755523722770096,8.880533259438065e-05,0.002054221318578351,0.9015174091213339,0.04605837926047539
139,GTEX-13FH7-0326-SM-5J1MR,0.0016239733812180642,0.0010878117435655556,0.0001406036460758832,0.7599295131862723,0.00043140757483947666,0.0007799385783255621,0.016494794142233822,0.2195119577474693
140,GTEX-13FH7-0426-SM-5KM4M,0.005182786982696538,0.0007452982669560585,0.0044167355587419275,0.6446821069443331,0.00021414287422329712,0.001974323826153895,0.14367517068012245,0.19910943486677274
141,GTEX-13FHO-0726-SM-5IJDG,0.0004065047979105347,0.47577930537430363,0.002609108696646136,0.0023521718004664463,0.5129942605996913,9.341784260808773e-05,0.0028021179618383987,0.0029631129265355292
142,GTEX-13FHP-0011-R1b-SM-5K7XL,0.0014357159576432507,0.001502661002670232,6.388657748886469e-05,0.013078154364769248,0.0011060692052157963,0.0016031205857438085,0.9747194622666185,0.006490930039850419
143,GTEX-13FHP-0011-R5b-SM-5LZY2,0.0005731889924137692,0.0017093105369424839,0.0381262382684689,0.021808040046822245,0.0005387999510259378,0.001432086368724925,0.9238882139895096,0.01192412184609207
144,GTEX-13FHP-0126-SM-5IJBG,0.0006827222682361149,0.00014908635225768734,5.3703853241136625e-06,0.001987038199782061,2.3746129864219045e-05,0.9932000675093569,0.0023303913354884294,0.0016215778196905742
145,GTEX-13FHP-0826-SM-5K7V5,0.6416286710286949,0.019512369351503873,0.005189447935085973,0.10743646899672775,0.15455342043587506,0.0004794472616424499,0.033205645513470904,0.03799452947699921
146,GTEX-13FTW-1626-SM-5KM4N,0.847487776090151,3.70644164711536e-05,1.3752838360343488e-05,0.002349439029984825,4.892517746241345e-06,0.14282938668167985,0.004653838167665297,0.0026238502579413346
147,GTEX-13FTW-1826-SM-5IJEN,0.0015377234891763589,8.935077480251612e-05,3.227074148064864e-05,0.002122887164067988,1.8920167667417787e-05,0.0036123038311421957,0.9882113505222402,0.004375193309422793
148,GTEX-13FTY-0226-SM-5IJBW,0.000194576706738697,0.21632783405474973,1.550228712672833e-05,0.03239888959960617,0.7451029030261787,6.457549795366171e-05,0.0018096257119186792,0.004086093115727726
149,GTEX-13FTY-0426-SM-5IJC2,0.0006119326120549922,0.0012995725434196226,0.00030675886754178707,0.9415709824453151,0.0006095201892781333,0.0005783778717278193,0.00942497324748695,0.04559788222317566
150,GTEX-13FTY-0626-SM-5L3F8,0.0020340864762440278,0.0015319941897105082,0.0020628772772017688,0.20105225923636805,0.00023184462303470376,0.00574326996815838,0.32163380201018626,0.46570986621909627
151,GTEX-13FXS-1026-SM-62LFQ,0.6734682261558103,0.021979952847044838,0.009640963820088243,0.08943077818506384,0.1252775958457022,0.0005565196321005671,0.03980945140892108,0.039836512105268944
152,GTEX-13FXS-1126-SM-5IJBB,0.0010294931934173462,0.0015220027021167154,0.031155086091251873,0.7714201059034984,0.0004862534540408181,0.002007818168131799,0.04521550651032606,0.14716373397721685
153,GTEX-13G51-0011-R11b-SM-5J2NE,0.0009717752322027438,0.0029398625895316337,2.2470935548528522e-05,0.010149922351932676,0.0010453272513546714,0.0021645018987524124,0.9802909198303987,0.0024152199102787128
154,GTEX-13G51-2126-SM-5IJD9,0.0004108066841217175,0.0018238013462865733,0.00013472025906984035,0.9578428044582792,0.00035889942312825,0.0008407214862782757,0.022610353700842318,0.01597789264199399
155,GTEX-13G51-2926-SM-5IJDL,0.000779104937292235,0.0018552130869267974,7.048291586842462e-05,0.8726423857499943,0.000639364300308732,0.0023729393181481165,0.03221963370367012,0.08942087598779119
156,GTEX-13JUV-0006-SM-5NQ97,7.84171149311371e-05,9.134869106881904e-05,0.9736533676404363,0.0016541525107698727,7.92103377495411e-06,0.0002366925071793208,0.016367938763308942,0.00791016173853066
157,GTEX-13JVG-1126-SM-5KM2M,0.8762552332657115,0.017319891555915422,0.0016394551953370687,0.013819730680224298,0.07723649413988361,0.0001221000902076805,0.004444743309738991,0.009162351762981313
158,GTEX-13JVG-2026-SM-5KM1N,0.4817845866622322,0.0009137241167485677,0.0012268414304702395,0.21333331393298272,6.9519319402893e-05,0.19409609485414375,0.06281090768826424,0.04576501199575544
159,GTEX-13N11-1026-SM-5K7XQ,0.002152537783662554,0.0019057161135599293,0.00010124919716498564,0.09287839798113069,0.0004843568071045146,0.009115315386615414,0.8547155886167151,0.03864683811404693
160,GTEX-13N11-2726-SM-5L3ER,0.00039401675395753265,0.6093425482681195,9.530941070614454e-06,0.0029414301226772244,0.37933211231717917,0.00020586742324093943,0.005002802304435675,0.002771691869319271
161,GTEX-13N1W-0226-SM-5K7W6,0.0008144542571327653,0.0016457948745333662,0.0027712991566581076,0.19169239453663,0.0001612530683485782,0.0036090358814868024,0.49014680566668817,0.3091589625585221
162,GTEX-13N1W-0526-SM-5MR4I,1.6795004306309454e-05,0.6923525269786576,6.245741072513824e-06,0.0003231801524367435,0.3069012153308042,9.993733086403025e-06,0.00018091482431701174,0.00020912823531927141
163,GTEX-13N1W-1226-SM-5K7UM,0.0025810501392181263,0.0013735949693295933,0.014499189465851683,0.14464844890053183,8.620358998012934e-05,0.007127173598169415,0.553978791771705,0.27570554756521437
164,GTEX-13N2G-0011-R10a-SM-5MR34,0.0015173304015306996,0.003294779043450531,0.0002979784025258667,0.03038699846254526,0.00045835335418440765,0.002026142958349568,0.9226609331465512,0.03935748423086245
165,GTEX-13N2G-1926-SM-5J1O3,0.0010627204117780748,0.003014465584022406,0.004329672113572789,0.17042791393938692,0.00024263542841408676,0.00356080880308571,0.6039246840134637,0.21343709970627625
166,GTEX-13NYB-2726-SM-5J2MT,6.527755071550291e-05,0.4244561735077614,5.9110436887883445e-06,0.000574567476038903,0.5738890691247831,1.4576010897389759e-05,0.0006176692781552754,0.00037675600795965145
167,GTEX-13NYS-0326-SM-5MR4L,0.00027231022708580236,0.7909530864495513,0.0005290957172960812,0.01400031422527266,0.1623087629161057,0.0007297677291832251,0.013852349044373739,0.017354313691131447
168,GTEX-13NZA-0011-R11b-SM-5KM4W,0.0007047304310358764,0.0023271463409232683,0.001090443323196945,0.010041125728724091,0.0006759283160508273,0.002548067398983446,0.979839985520881,0.0027725729402043294
169,GTEX-13NZA-0011-R1b-SM-5LUAF,0.0014749573215366713,0.0011231124507175747,0.008433973034394275,0.018934169707459356,0.0004286441001402777,0.0013415512872750732,0.9590759835063467,0.009187608592130067
170,GTEX-13NZA-0126-SM-5K7UH,0.001377470382184299,0.0012424438554781586,0.004119212135071335,0.08429560217977818,0.00012199686795037089,0.0021717294104770103,0.5937198617882062,0.3129516833808544
171,GTEX-13NZA-0526-SM-5L3D7,5.615348950280637e-05,0.2508054271742853,0.0007131751415070089,0.0002311261097313781,0.7477665165969278,1.5718358928647838e-05,0.00017627740926113756,0.0002356057198560079
172,GTEX-13O1R-0826-SM-5J2MB,0.0036630777983047464,0.0014508429670035624,0.008884370671612584,0.12003768236736649,0.0001687678913417482,0.006237864134104354,0.7483511465949564,0.11120624757531021
173,GTEX-13O1R-0926-SM-5L3DS,0.7945357901731185,0.026518382995829783,0.0011961672309657456,0.032076600988488774,0.11572853069873554,0.00022181036071488477,0.007634905056796725,0.02208781249534992
174,GTEX-13O1R-1026-SM-5KM2L,0.0008268729275495569,0.000596606130937279,0.0027621421645032673,0.7624755609124996,7.247550433353981e-05,0.0011134928925980653,0.03012954978085355,0.2020232996867252
175,GTEX-13O1R-2426-SM-5KLZZ,0.00104549064569956,0.002451405635028025,0.003193690903345279,0.7719046210954038,0.00023816154835245952,0.0016199062326743936,0.08603535897018484,0.13351136496931168
176,GTEX-13O21-0826-SM-5J2NU,0.0035826910457062255,0.0032261566012070585,2.0608256599708983e-05,0.9582876650683124,0.0004039954568421818,0.0010080786904121703,0.013257065478324054,0.020213739402596038
177,GTEX-13O21-2926-SM-5J1OU,0.0012824492466885792,0.0014780026034169104,0.00036908064373618294,0.658340397131664,0.00030343900415573643,0.0014243635406750849,0.13761244500758307,0.19918982282208034
178,GTEX-13O3O-1126-SM-5KM4Q,0.0008701812855304911,0.0007368729466005688,0.00791406518277847,0.8822545930160696,0.00021520842319948331,0.0021175816092262076,0.02308296372795363,0.08280853380864148
179,GTEX-13O61-0226-SM-5KM52,0.0011518833899976392,0.000612603686387078,0.00012145609523018359,0.06119026117951025,0.00010249541706181203,0.004393119420995851,0.8266094298810517,0.10581875092976549
180,GTEX-13O61-0926-SM-5IFFE,0.5119392447187192,0.0007478948642141712,0.0010146189654383021,0.05530761677621987,3.271549059984722e-05,0.1003808453011071,0.2969666023365056,0.03361046154719572
181,GTEX-13O61-1626-SM-5KM3T,0.0005821015572951161,0.0023979432779640732,3.7365695367869106e-05,0.8731962411595022,0.00017694370556982939,0.001200398631363428,0.04436803587064129,0.07804097010229627
182,GTEX-13OVG-1326-SM-5K7Y3,0.001824060177683158,0.0022293340610306535,0.0026298727699139734,0.14035649928586894,0.0001544832238190462,0.003623580695999784,0.6074129719979896,0.24176919778769485
183,GTEX-13OVH-0126-SM-5MR4B,0.0032985738912881205,0.0009923926666661016,2.620721912507254e-05,0.0019419836407768235,0.00010926778405046787,0.9878353251393969,0.004357836145024618,0.0014384135136719003
184,GTEX-13OVI-1426-SM-5L3EY,0.004768459118566398,0.0016726727125326271,4.631259826375327e-05,0.05280929761047856,0.00018283130740293915,0.8539800646992373,0.038990298343463355,0.04755006361005514
185,GTEX-13OVI-2026-SM-5J1MU,0.0016467308073946504,0.005393758040295346,7.707083569673754e-05,0.6946093606928508,0.0007566391105437293,0.004724079491570662,0.1796263830785745,0.1131659779430734
186,GTEX-13OVI-2526-SM-5KM4V,0.0015331389821439678,0.008856508460333456,0.00042310030117395913,0.8486254620122997,0.000771769434031139,0.002965965890676482,0.08050569955810787,0.05631835536123335
187,GTEX-13OVI-2626-SM-5KM4T,0.9646008904379114,5.3692457615063905e-05,1.1946456041998468e-05,0.00048074027398526233,5.801875100033551e-06,0.027841307790659346,0.005875973865631235,0.00112964684305571
188,GTEX-13OVJ-0011-R7a-SM-5L3G1,0.0018171477811570332,0.0023791640791617297,0.04709402076913383,0.03915348179339046,0.000725031255700388,0.0018130014740024027,0.8830411770971914,0.023976975750262843
189,GTEX-13OVJ-0011-R8b-SM-5L3FS,0.001438691911978717,0.001777067188390569,0.08014570065666396,0.025754694740242477,0.000829766316167849,0.0014548680036461216,0.8751803371870164,0.013418873995893876
190,GTEX-13OVJ-1826-SM-5KM2D,0.0013374072965617683,0.0019705470813695405,0.027870172596062604,0.7711113065610288,0.00023182378599902198,0.0016741880195313673,0.08410951555832644,0.1116950391011205
191,GTEX-13OVL-0126-SM-5L3GJ,0.004092634674268869,0.0004967240821578066,2.0468759303735313e-05,0.019285779502794913,6.912778408037688e-05,0.942068261195179,0.019925080624117172,0.014041923378098148
192,GTEX-13OW5-0011-R8a-SM-5L3GQ,0.0011487079658264155,0.0018151610049898295,0.003159382968773659,0.02915167898896164,0.0006980752593102735,0.0018825079935233698,0.9510647734260127,0.011079712392602145
193,GTEX-13OW6-0011-R10a-SM-5L3HE,0.000705868890770046,0.002276139607311128,2.2460292927968454e-05,0.009999003050975862,0.001258359025595668,0.0012008134289486626,0.9819439825596015,0.0025933731438692598
194,GTEX-13OW6-0011-R4a-SM-5O9DX,0.0004099359748203533,0.0011333081561883183,0.002156181199162676,0.014421346292490042,0.0005032826362375751,0.0008999001955422625,0.9738103351859828,0.006665710359575979
195,GTEX-13OW8-0005-SM-5NQAC,8.624642179057436e-06,8.302470393636133e-06,0.9993037259671443,5.772690141256989e-05,2.515645817632496e-06,1.5113735573913016e-05,0.0003991964445696194,0.00020479419290916795
196,GTEX-13OW8-1826-SM-5L3H1,0.0006915403128671667,0.0010623669692678803,0.00045560071160819285,0.890806636477961,0.0003248604993584224,0.0006998018643661701,0.01689013436509069,0.08906905879948052
197,GTEX-13QBU-0626-SM-5J2OG,0.001427744575606729,0.0010611126012248118,0.0002901212312858029,0.08498868700819741,0.0001923406320117299,0.0049677020018091675,0.8379130540416573,0.06915923790820709
198,GTEX-13RTJ-0011-R3a-SM-5PNX7,0.0006798577740185207,0.0021309552108423257,0.00346369555418581,0.017036821759343488,0.0009641865911845488,0.0012892165133822258,0.9695433765814592,0.004891890015583754
199,GTEX-13RTJ-2626-SM-7DHKR,0.0010364667926795103,0.001260799981899112,0.11943564374704262,0.7276768589634357,0.0003247330937335705,0.0008909296546765924,0.019929440147493618,0.12944512761903929
200,GTEX-13RTK-0126-SM-5RQHQ,0.001953761453579205,0.0004946113646429706,0.0053710372093085075,0.5739292135473614,5.757486534621601e-05,0.0013962882609893329,0.07932357354889295,0.33747393974987944
201,GTEX-13RTK-0626-SM-5Q5EK,0.0008462388164641218,0.004699485361405107,0.0034634688135176898,0.8651258697812816,0.0004432398139043378,0.001836452641225852,0.05725315687375082,0.06633208789845058
