i_doc,doc,Topic 1,Topic 2,Topic 3,Topic 4,Topic 5,Topic 6
0,GTEX-111CU-1426-SM-5GZYP,0.16441016345621037,0.1794106120787825,0.17804822750504204,0.17765893556166168,0.17533928768361942,0.12513277371468398
1,GTEX-111FC-0226-SM-5N9B8,0.16247632090815667,0.17461359033711318,0.16912067759988644,0.17903323416240363,0.17358733889777028,0.1411688380946697
2,GTEX-111YS-0006-SM-5NQBE,0.21720688934120877,0.1578176954006676,0.1230837234811559,0.2802668253862686,0.14671729615773357,0.07490757023296532
3,GTEX-111YS-0326-SM-5GZZ3,0.21017150001635412,0.17892140673884266,0.20474380499073275,0.15084532783987095,0.18093090129036898,0.07438705912383027
4,GTEX-111YS-2426-SM-5GZZQ,0.16936490605894378,0.1752674188814918,0.17289888934975325,0.18436897541820121,0.17729040954518246,0.1208094007464275
5,GTEX-1122O-0005-SM-5O99J,0.21721189323219256,0.15953273179834335,0.11915438720853537,0.29199088772818577,0.14247792376047508,0.06963217627226796
6,GTEX-1122O-0426-SM-5H12G,0.1738203640320019,0.1790316994270153,0.18385414755705817,0.18489198644056345,0.17627847073958658,0.10212333180377459
7,GTEX-1122O-0626-SM-5N9B9,0.20915916283459743,0.17776816391082734,0.20503706158469112,0.14933861291072892,0.1831171708099755,0.07557982794917968
8,GTEX-1122O-1026-SM-9WYSF,0.06643731615267044,0.07472956446009,0.0662555441057453,0.06966191339628999,0.0713157951629775,0.6515998667222268
9,GTEX-1122O-1526-SM-5N9CL,0.16531405438816074,0.18029525680520828,0.16962364812209918,0.1787247030243417,0.17584844368229874,0.13019389397789133
10,GTEX-1122O-2426-SM-5GIDN,0.24391123876599904,0.18809981922655963,0.19259344154002286,0.1293304963569255,0.16960758755328606,0.07645741655720696
11,GTEX-1128S-0005-SM-5P9HI,0.22021312566400664,0.1667940459733888,0.13940511357052995,0.2326741932397494,0.15082721558929973,0.09008630596302558
12,GTEX-113IC-0006-SM-5NQ9C,0.18206559741383413,0.16860132310157253,0.15054477322631002,0.21960027942456883,0.1671361177127349,0.11205190912097963
13,GTEX-117YX-1226-SM-5H11S,0.1627306199182195,0.1756603160465537,0.16919522681412652,0.18440162250850026,0.1832658699577665,0.12474634475483358
14,GTEX-117YX-2326-SM-5H12W,0.09095140926229364,0.09814072486056749,0.09073213454582904,0.09379643071543291,0.0943812157971539,0.5319980848187229
15,GTEX-11DXX-2726-SM-5PNXO,0.2387333899804193,0.18548337557742048,0.19680327949468995,0.13025156444197744,0.17297545102782835,0.07575293947766439
16,GTEX-11DXY-0006-SM-5NQ8N,0.21009790316278415,0.15869806866271646,0.13874773167172658,0.23879132158526642,0.15195725381892777,0.1017077210985785
17,GTEX-11DXY-0826-SM-5EGGR,0.19667501888807795,0.1744443142967881,0.18165550517714085,0.15960375850666791,0.1809973820741004,0.10662402105722478
18,GTEX-11DXZ-2426-SM-5N9DT,0.28585067061028246,0.17887055277891778,0.20087717526481788,0.10730504301247831,0.1616384333340306,0.06545812499947315
19,GTEX-11DYG-0011-R5a-SM-DO928,0.18182550952960191,0.17146404385735514,0.19221090549407555,0.15913862641931614,0.20486651389065447,0.09049440080899677
20,GTEX-11DYG-1326-SM-5N9DO,0.14435047379072605,0.17760408034528477,0.1701507715320269,0.17606167164660005,0.16713519468483326,0.16469780800052883
21,GTEX-11DZ1-0011-R8b-SM-DNZZI,0.1782991512712641,0.1707997977206042,0.18787758248870584,0.16120704696702387,0.20077216313239288,0.10104425842000897
22,GTEX-11EI6-0726-SM-59866,0.160863497546062,0.1746776927848773,0.1659028293951771,0.18621077799107374,0.18402530299183772,0.12831989929097223
23,GTEX-11EM3-0001-SM-5Q5BD,0.1667255676265694,0.167352704602044,0.1847724134728303,0.16362107955637986,0.17447543582630898,0.14305279891586736
24,GTEX-11EMC-0011-R8b-SM-DO91Z,0.16524392561370904,0.17327981566786996,0.18467686492609792,0.16627652207836946,0.1939883510884068,0.11653452062554678
25,GTEX-11EMC-0926-SM-59863,0.17128685104613822,0.17901766388903875,0.17373293958618014,0.18576089171232477,0.17383898044075022,0.11636267332556782
26,GTEX-11EMC-2226-SM-5A5JW,0.12834963799938298,0.18565785000335097,0.18070440373161406,0.17973338101960276,0.15396692086588248,0.17158780638016663
27,GTEX-11EQ8-0006-SM-5P9HJ,0.20148559692556503,0.1836747111927151,0.14775799678556292,0.2122599693370651,0.1638628738037156,0.0909588519553762
28,GTEX-11EQ9-1426-SM-5987G,0.1707370254592357,0.17650003314415466,0.17643124290595869,0.18186857771111548,0.17742741997958164,0.11703570079995389
29,GTEX-11GS4-0226-SM-5HL77,0.04772806143319715,0.05326624676119714,0.048060869538231375,0.050734406231981465,0.051500189283903396,0.7487102267514895
30,GTEX-11GS4-0526-SM-5A5KQ,0.20920387734042142,0.1778961505402655,0.1914695368288701,0.15356831290242148,0.18168857373051364,0.08617354865750779
31,GTEX-11GS4-2926-SM-5A5LF,0.17320738676750952,0.182839135941944,0.17711474623501022,0.19188033986054442,0.16944681710788828,0.1055115740871036
32,GTEX-11GSP-0011-R1a-SM-9QEJ3,0.1743937549294909,0.1722342341880674,0.18540062355948603,0.16764433903978,0.20290854228572855,0.09741850599744716
33,GTEX-11GSP-0011-R5a-SM-57WBE,0.17684422959842416,0.17399442784908142,0.18526913849935914,0.1661888352500836,0.20312344507383923,0.09457992372921246
34,GTEX-11GSP-1726-SM-5A5LI,0.1701661211886446,0.17526277803080548,0.16994428354968585,0.18126659549406626,0.18041359389843883,0.12294662783835905
35,GTEX-11I78-0001-SM-5Q5BE,0.16039860044240947,0.16543701437577185,0.1787266981636547,0.16575067293326803,0.17350344495264328,0.1561835691322527
36,GTEX-11LCK-0926-SM-5A5KA,0.23374322478461348,0.17519039350225096,0.2046381269075183,0.13783734294625824,0.1791091961976594,0.06948171566169982
37,GTEX-11NSD-0008-SM-5Q5BC,0.16238564034944014,0.17556931588284944,0.18610035140442271,0.17979398713440328,0.18321652759924345,0.11293417762964102
38,GTEX-11NSD-1626-SM-5986U,0.16615117996154175,0.17603673246182963,0.17520055505290283,0.177382130170217,0.17953047994952392,0.1256989224039849
39,GTEX-11NV4-0526-SM-5N9BF,0.1719220877855165,0.18082452949801683,0.1861723304420262,0.18368803034464112,0.1709368589951899,0.10645616293460955
40,GTEX-11OF3-2526-SM-5P9JL,0.2834252621230377,0.1742439922573036,0.21675882388678647,0.10520194865003431,0.1689473446701046,0.05142262841273345
41,GTEX-11ONC-0126-SM-5PNW6,0.19424689799503728,0.17352685306434215,0.17764569654972748,0.15713668105908718,0.18002059499465484,0.11742327633715088
42,GTEX-11ONC-2026-SM-5HL61,0.16981100807668062,0.17492882513172126,0.17385625045547567,0.17764532287001888,0.18054172419727393,0.12321686926882959
43,GTEX-11P7K-1226-SM-5HL4X,0.17978331306837503,0.17668379824686442,0.1843423642713569,0.17590294047287372,0.1783901484952626,0.10489743544526732
44,GTEX-11P81-1126-SM-5GU5G,0.1697348449379315,0.17438192685251783,0.17661520904330813,0.17724885846025212,0.181773756964089,0.12024540374190125
45,GTEX-11P81-2726-SM-59876,0.17085035043901947,0.17623316027939892,0.17672562869628633,0.1774501466319254,0.1732877973486978,0.1254529166046721
46,GTEX-11P82-0006-SM-5N9FY,0.21288396853835836,0.162895314021323,0.13405182116874484,0.2561777353961533,0.15117797369388147,0.08281318718153895
47,GTEX-11TT1-1126-SM-5P9GV,0.16255861518250736,0.17815295442287774,0.1777712700803184,0.19144813682131145,0.18922958437967688,0.10083943911330821
48,GTEX-11TT1-1326-SM-5PNYM,0.22759238924330422,0.17333173329310553,0.20819496410410906,0.14397856072324458,0.1774333033031088,0.06946904933312771
49,GTEX-11TUW-0926-SM-5EQMW,0.1711464893971046,0.1795669896115488,0.17909802927913263,0.188658581267436,0.1757165303180302,0.10581338012674783
50,GTEX-11TUW-1226-SM-5GU7C,0.16959174334026983,0.17618180232415642,0.1696176562544019,0.18679911757109685,0.17857022335370368,0.11923945715637124
51,GTEX-11TUW-2026-SM-5EQL8,0.1696271480748237,0.17527955219686445,0.17254737276304352,0.18649465529441933,0.17938144892396088,0.11666982274688806
52,GTEX-11UD2-0626-SM-5GU6L,0.16115326573169708,0.17812075667590357,0.16563400292684916,0.19131483524480417,0.1830683854025495,0.12070875401819664
53,GTEX-11VI4-1526-SM-5EQKC,0.16269024406007648,0.17685204767995438,0.17432086409169573,0.17637305663275865,0.17627543694605846,0.13348835058945638
54,GTEX-11VI4-1926-SM-5CVLI,0.231838240378531,0.1836429796833987,0.20304623897486443,0.13135360286641432,0.174470858411548,0.07564807968524336
55,GTEX-11WQC-2426-SM-5EQKQ,0.16895781727050596,0.1771976911159754,0.17253818521394612,0.18523556344518927,0.1778085300053607,0.11826221294902255
56,GTEX-11WQC-2626-SM-5CVLF,0.2682287991505468,0.17807912593664083,0.20943212458723057,0.11280970383021585,0.1698665806970933,0.06158366579827263
57,GTEX-11WQK-0008-SM-5SI6T,0.16138076358361186,0.17729092105013275,0.190324228856434,0.17659637820984833,0.17879942484342504,0.11560828345654808
58,GTEX-11ZTS-1126-SM-5LU9X,0.16307853494028496,0.17663929870511455,0.16312518958334735,0.18791239543550964,0.1827494921989436,0.12649508913679983
59,GTEX-11ZTS-2726-SM-5EQLU,0.1720910084928377,0.17598289026424335,0.17181436459188773,0.17954500854287342,0.18141360606263024,0.11915312204552751
60,GTEX-11ZTT-2626-SM-5EQKK,0.24229088766095744,0.1837702005300156,0.20053051865450292,0.1272692776441398,0.174279524574596,0.07185959093578817
61,GTEX-11ZU8-0005-SM-5PNU5,0.2750924408873936,0.13298161652228083,0.11023560315639121,0.28546634460159886,0.1203597260227923,0.07586426880954328
62,GTEX-11ZUS-0008-SM-5S2UO,0.16469650493876575,0.17597240602522685,0.19943966573457167,0.17696503382988446,0.18099122369888493,0.10193516577266627
63,GTEX-11ZVC-0011-R1b-SM-5BC6M,0.16916836884722897,0.17486050335815942,0.18616367508544285,0.16648957686015706,0.19746325430196945,0.10585462154704237
64,GTEX-1211K-0006-SM-5MR53,0.22617381927264055,0.16075960233803654,0.12133366669653513,0.2840623978368136,0.1419585205243923,0.06571199333158195
65,GTEX-1211K-1026-SM-5EQ4B,0.1751316277790799,0.17562214617634436,0.17779952515058486,0.18062103922130737,0.177027668175814,0.11379799349686961
66,GTEX-1211K-1826-SM-5EGJ2,0.1746394882325016,0.17636138770574022,0.17868435732714658,0.17977904326372188,0.1794734354184992,0.11106228805239067
67,GTEX-1211K-2026-SM-5EQ4Z,0.09454069018140386,0.09959566215285849,0.09051845662550038,0.09481912596490805,0.09581576767194633,0.524710297403383
68,GTEX-12126-0426-SM-5Q5AP,0.1707080513769105,0.17414746342692125,0.1774489852354877,0.1820642463782681,0.18090354667602376,0.11472770690638863
69,GTEX-12584-0226-SM-5EQL5,0.1660345866261715,0.17430003911298203,0.16849680131714598,0.18105648777492694,0.17577834364274775,0.13433374152602562
70,GTEX-12696-0008-SM-5TDBX,0.16067710127433987,0.1755818059402167,0.20187987308242264,0.17563996822728428,0.18155879033297437,0.10466246114276227
71,GTEX-12696-2826-SM-5FQTY,0.23610564828645153,0.1831536693434519,0.19226829537377935,0.12903271917441883,0.1691669918439143,0.09027267597798416
72,GTEX-1269C-0005-SM-5N9CJ,0.23812879576356596,0.1539745416617788,0.1282960363149657,0.25547153321564314,0.14154733397719013,0.08258175906685629
73,GTEX-1269C-0226-SM-5EGKS,0.162999870204493,0.17687017022850904,0.16559531503027403,0.18894694271284468,0.18394383794979283,0.12164386387408642
74,GTEX-12BJ1-0008-SM-5TDBZ,0.16289903379258291,0.17432183054056505,0.2069671845008447,0.17471699952248085,0.18251259293624958,0.09858235870727701
75,GTEX-12KS4-0326-SM-5EQ41,0.056900919716361194,0.0624650255038297,0.057152093865526124,0.05885436244354487,0.05940802628786421,0.7052195721828738
76,GTEX-12KS4-1026-SM-5FQTD,0.16650297916608886,0.17706404569857412,0.17298942748631155,0.17933275568738752,0.17319673296041835,0.13091405900121963
77,GTEX-12WSA-0726-SM-5FQU2,0.20376915456614272,0.17434484828206484,0.18467620892513015,0.14465098509385704,0.17352843069082324,0.11903037244198192
78,GTEX-12WSC-0011-R9a-SM-5GU4U,0.16811128119701513,0.175097945465565,0.18560123849685345,0.17075327802026136,0.19448835576042864,0.10594790105987638
79,GTEX-12WSD-0226-SM-59HKO,0.16619196091646168,0.17542553407531608,0.1700766677694589,0.18159176238876493,0.176543240297994,0.13017083455200437
80,GTEX-12WSD-0526-SM-5EQ6F,0.2591228756551507,0.17848255584394235,0.2104440620684039,0.11490117463268683,0.17108051177363864,0.06596882002617774
81,GTEX-12WSF-1526-SM-6PAN6,0.16391108633226095,0.1760776277124785,0.17102852030717777,0.18327128336929802,0.17664403118079813,0.12906745109798673
82,GTEX-12WSF-1626-SM-7KUG5,0.11390382475246619,0.12381846671555423,0.1141249745792096,0.11810258997692226,0.12192427675131348,0.4081258672245343
83,GTEX-12WSG-1226-SM-5EQ4C,0.20383537578672636,0.17868413747154466,0.1975052050049857,0.1560025427444794,0.1823734690959913,0.08159926989627259
84,GTEX-12WSH-0005-SM-5NQ9P,0.20403296571046786,0.16655812498297526,0.13255015535605158,0.2543968008608354,0.15849791268807747,0.08396404040159247
85,GTEX-12WSJ-1826-SM-5GCNY,0.07376591495257771,0.0783820630807308,0.07016713252241741,0.0744333306883639,0.07464732067895923,0.6286042380769509
86,GTEX-12WSL-1626-SM-5GCMU,0.17130968508241254,0.1770501654550939,0.1793290193636367,0.17725092148414592,0.1801173163388234,0.11494289227588751
87,GTEX-12WSL-2526-SM-5GCNJ,0.06871945733542877,0.07537001525230647,0.07077462501351126,0.07376203371052727,0.0720720659655627,0.6393018027226636
88,GTEX-12WSM-0011-R11a-SM-5DUX8,0.17473190611417488,0.1699594509458737,0.18078760158898255,0.169081453963655,0.199162880057316,0.10627670732999775
89,GTEX-12WSM-0526-SM-5GCO8,0.17629322200757688,0.18070515938734544,0.18501543548556604,0.18513130810868486,0.16913675328593944,0.10371812172488741
90,GTEX-12ZZW-2426-SM-5DUWE,0.17443072321552872,0.17486271278130944,0.1736344199498326,0.17776845586930934,0.18377883116434954,0.11552485701967026
91,GTEX-12ZZX-0011-R10b-SM-5DUWK,0.18095667622205502,0.17076497391678944,0.19529413489120806,0.1637390535200454,0.20581058854574721,0.08343457290415476
92,GTEX-12ZZX-0326-SM-5DUVH,0.27003510004874187,0.17888784727755241,0.20375230587651205,0.11412416423893629,0.16791796199658024,0.06528262056167715
93,GTEX-12ZZZ-0526-SM-5DUX6,0.16578247350071432,0.17594093379446388,0.16802754683241553,0.1822274542839733,0.17399113744047137,0.13403045414796164
94,GTEX-12ZZZ-2426-SM-5GCNN,0.16764719463848418,0.17421642639165838,0.17501596610967537,0.180185501524499,0.18066956967816503,0.12226534165751812
95,GTEX-1313W-0011-R7b-SM-5DUWL,0.1777729952275137,0.17316681779397597,0.18727131374301884,0.16472385465854994,0.20284245377685095,0.09422256480009045
96,GTEX-1313W-0726-SM-5EGK1,0.1614919595076165,0.17490939600082436,0.16424924091147627,0.18537544344288845,0.18445622550125912,0.1295177346359354
97,GTEX-131XE-0006-SM-5P9F9,0.22255894789523606,0.15810973120903338,0.13220695809592,0.2501499082448299,0.14801269044623155,0.08896176410874916
98,GTEX-131XE-0526-SM-5K7YT,0.20568238975742686,0.17784545166284854,0.1933960488434729,0.15832331794505244,0.18192108680740968,0.0828317049837896
99,GTEX-131XG-0006-SM-5O9CE,0.21551026439247303,0.16176904347901278,0.12725698425687312,0.26164273305919455,0.14696967171523928,0.08685130309720711
100,GTEX-131XG-0226-SM-5IFG1,0.16517799449554535,0.17825963644431086,0.17201924841895183,0.18702280254825102,0.18478657928368367,0.11273373880925729
101,GTEX-131XH-0006-SM-5O98V,0.24302729562802267,0.14474042062440512,0.12072269558560723,0.2757397630584263,0.1318048731285923,0.08396495197494645
102,GTEX-131XH-2226-SM-5DUXJ,0.03581319446083068,0.039549193110644296,0.035799290483760786,0.03594695152275105,0.037371288849662385,0.8155200815723508
103,GTEX-131YS-2926-SM-5EGKI,0.1716716834215615,0.17308874232550353,0.17538777529999997,0.1789247321332803,0.18103428014309741,0.11989278667655724
104,GTEX-131YS-3126-SM-5KLYT,0.18247377649235505,0.17013438453781857,0.19033366808266627,0.16394968779257535,0.20436793684416454,0.08874054625042017
105,GTEX-132AR-0008-SM-62LDH,0.16269857925118444,0.1761975016916835,0.1941207597733559,0.1762283276822073,0.1809317076322171,0.1098231239693517
106,GTEX-132AR-1126-SM-5P9GA,0.159860530871987,0.17548250262011844,0.17372745626435482,0.19319921134358792,0.1904220187038031,0.10730828019614874
107,GTEX-132AR-1926-SM-5EGK5,0.1959629480851911,0.1773292013918958,0.20136558584527395,0.16197813580308768,0.1895556489209559,0.07380847995359555
108,GTEX-132NY-0326-SM-5IJBL,0.05525120509753897,0.05915607880669288,0.05455284643540328,0.05550056073152804,0.057030277853195345,0.7185090310756415
109,GTEX-132NY-1426-SM-5J1MJ,0.21031821027535838,0.1780417634215018,0.19930837668947898,0.15148499798980128,0.18005124784085022,0.08079540378300934
110,GTEX-132NY-1726-SM-5EGKK,0.24223420309033353,0.17522324645711387,0.2063243520101098,0.13035571959240766,0.17943139461790938,0.06643108423212565
111,GTEX-1339X-2626-SM-5K7YX,0.1719017436045118,0.17839536993664237,0.1849030192790048,0.18691989726153735,0.17083818501312073,0.10704178490518292
112,GTEX-133LE-0326-SM-5P9G4,0.1625214485389007,0.17624600978998065,0.1717853409150353,0.19013211354256693,0.18524543850248704,0.11406964871102948
113,GTEX-133LE-1526-SM-5IFEN,0.16271446765938385,0.1765904836796577,0.1727282365958532,0.1776810301952406,0.17675576498439663,0.1335300168854681
114,GTEX-133LE-1826-SM-5J1MV,0.051857232847788794,0.05758039619898004,0.050876085006050044,0.05416886680447137,0.054891565374288714,0.730625853768421
115,GTEX-1399R-2626-SM-5KLZ7,0.16883143646680815,0.1779509435004087,0.16778628056111808,0.18664842195577427,0.1733119132731484,0.12547100424274227
116,GTEX-1399S-0926-SM-5PNVQ,0.17459940250401484,0.17933966025260764,0.17356665637385557,0.18939209614511057,0.17209056401542355,0.1110116207089879
117,GTEX-1399T-0426-SM-5PNVJ,0.1670959820403731,0.1747923204611761,0.17124754607535422,0.1828463981604293,0.17770155693141448,0.1263161963312527
118,GTEX-1399T-1326-SM-5PNVH,0.16331132591515524,0.17647524415385404,0.16888323901670316,0.18093764581997113,0.17919270162321033,0.13119984347110608
119,GTEX-1399U-0626-SM-5J1NZ,0.17008234352704726,0.17614175084830888,0.17630563651600137,0.18178670931102173,0.1747815037578797,0.12090205603974094
120,GTEX-139T4-0326-SM-5K7XN,0.18510300998942458,0.17600795177229597,0.1775590957905467,0.15617962739483462,0.1772452639192702,0.12790505113362796
121,GTEX-139T6-0326-SM-5J2LY,0.16367422410262314,0.17637319363559517,0.17167439305035861,0.18836311787736695,0.18529833874088839,0.11461673259316761
122,GTEX-139T6-2026-SM-5IFFL,0.25686741894965726,0.18263925164520506,0.20217565113517919,0.12199438236139641,0.16827943837860618,0.06804385752995583
123,GTEX-139YR-1226-SM-5IFEU,0.1624281612095651,0.1762935709200255,0.17510494824185457,0.19215343291635517,0.18654239558026414,0.10747749113193544
124,GTEX-13CF2-0011-R11b-SM-5LZXO,0.17283580781990915,0.16914912090985357,0.17852985578657393,0.17068369348883697,0.20024937801276585,0.10855214398206046
125,GTEX-13CF2-0011-R1a-SM-5LZY1,0.16999794336259647,0.17158421722745415,0.18135004732713614,0.1701506876725195,0.1999051399040488,0.10701196450624503
126,GTEX-13CF2-0426-SM-5KM1H,0.22054055657798702,0.1749581999079191,0.19079816758410473,0.14198836851223312,0.1813305914824605,0.09038411593529554
127,GTEX-13CF3-0926-SM-5LZZC,0.16336773431050297,0.1792182632680918,0.17135091323511195,0.18860148382426326,0.18220525852387584,0.11525634683815415
128,GTEX-13CF3-1726-SM-5LU9E,0.176259538276122,0.1778129114132059,0.1798324307265761,0.18029828776383644,0.17726588395467488,0.10853094786558477
129,GTEX-13CF3-2426-SM-5IFGX,0.06613166519575596,0.07242528370458247,0.06534314902622781,0.06917576902224512,0.06844484436362891,0.6584792886875598
130,GTEX-13D11-0626-SM-5LZYY,0.17200181694901184,0.173889222638579,0.17877045523729423,0.17663485197268153,0.1809000834361731,0.11780356976626041
131,GTEX-13FH7-0526-SM-5IJF8,0.14053080915785826,0.18047323814955998,0.1802067695721754,0.17794861511837723,0.15508400638354217,0.16575656161848676
132,GTEX-13FH7-0826-SM-5J2NW,0.20281392656635805,0.1772842251145637,0.19762246450083898,0.15752382732508804,0.18131403155490877,0.08344152493824224
133,GTEX-13FH7-0926-SM-5J2MR,0.2332643476698534,0.17445712897620264,0.20820346264727246,0.13856900876835163,0.17852386937670783,0.06698218256161215
134,GTEX-13FH7-1526-SM-5J2N6,0.17608764356163897,0.1733526982195442,0.18069383381677806,0.17833610877452422,0.17753337781726633,0.11399633781024844
135,GTEX-13FHO-2926-SM-5L3ES,0.17463017256832833,0.1691712378958559,0.1722029281873871,0.16919235825225187,0.19793399398382466,0.11686930911235208
136,GTEX-13FLV-0011-R10b-SM-5LZZ2,0.17867377793341926,0.17136299258724097,0.18842658604409868,0.16609629824395192,0.205016396958394,0.09042394823289518
137,GTEX-13FLV-0011-R6a-SM-5KLZ4,0.17856311172680622,0.17101156336598328,0.18257108189235047,0.16390920749433432,0.20469686915638347,0.09924816636414226
138,GTEX-13FTX-0005-SM-5N9F6,0.22180847258258998,0.15785079378308137,0.1381657314619627,0.249245280155753,0.14585691491010153,0.08707280710651143
139,GTEX-13FTZ-0326-SM-5J1O1,0.17661350701700443,0.17651669588905622,0.18213208123983446,0.17389407492994108,0.1872059938699086,0.10363764705425514
140,GTEX-13FXS-0011-R9a-SM-5K7UI,0.1665083336261576,0.17824173412481772,0.18486447223386857,0.17252956715063622,0.19098301468154325,0.10687287818297664
141,GTEX-13FXS-0726-SM-5LZXJ,0.16153460065260475,0.1743940947167168,0.16753356441355263,0.18602231895229215,0.18475488794844594,0.12576053331638776
142,GTEX-13FXS-1026-SM-62LFQ,0.19277877817831607,0.17724653490003509,0.18385397631727615,0.16092634843336728,0.1824912718144975,0.10270309035650776
143,GTEX-13G51-0011-R1a-SM-5LZYR,0.17251880641838543,0.17480168939452406,0.1855509681681933,0.1699607027686662,0.19785911558043057,0.09930871766980058
144,GTEX-13G51-0011-R7b-SM-5LZXG,0.178169767342947,0.17154026364268446,0.18571349171754897,0.16473664750206043,0.20457750408627398,0.09526232570848528
145,GTEX-13G51-2726-SM-5LZZ9,0.26752061577205194,0.17637333543696643,0.21038719335945566,0.11269510988147365,0.16969796661069056,0.0633257789393618
146,GTEX-13IVO-0011-R10a-SM-5LZY3,0.17701533329747365,0.1734981071851042,0.18944402862374995,0.16679492248333797,0.20166822930614411,0.09157937910419
147,GTEX-13JUV-0011-R1a-SM-5LZY4,0.17923330933007045,0.17304435930467693,0.18961484909883516,0.17065812235030833,0.19901144162008977,0.08843791829601928
148,GTEX-13JUV-2026-SM-5K7UA,0.12345773314059871,0.13371804020492079,0.12223464394312275,0.13062313800243058,0.13156066619607218,0.3584057785128549
149,GTEX-13N1W-0011-R4a-SM-5MR52,0.1777041865299461,0.17291133156739394,0.1880126529747649,0.1616344591832954,0.20335714407630742,0.09638022566829225
150,GTEX-13N2G-0011-R2a-SM-5MR4Q,0.1786437550221085,0.1762389199701419,0.18473155756550536,0.16547440817233644,0.1974690602591974,0.09744229901071043
151,GTEX-13N2G-2226-SM-5IJCU,0.1697353290262383,0.17367242392851467,0.1726861172348233,0.17966321443789232,0.18092259970176103,0.12332031567077044
152,GTEX-13NYB-0726-SM-5MR4J,0.16262444255298306,0.17427385105789456,0.1706693564768243,0.18890161669448527,0.18732949809018182,0.1162012351276309
153,GTEX-13NYS-0326-SM-5MR4L,0.21781728200013448,0.18271832296671983,0.18685499167433098,0.14110173283849456,0.1703991383613399,0.10110853215898033
154,GTEX-13NZA-0526-SM-5L3D7,0.27736429043046407,0.17648808026886353,0.2108393149074227,0.10917902681537305,0.16864127577651775,0.057488011801358936
155,GTEX-13O1R-2426-SM-5KLZZ,0.16680032385436414,0.1721438737128688,0.17164321786587844,0.1831372475206147,0.17608687565789768,0.13018846138837614
156,GTEX-13O21-1526-SM-5K7W4,0.16846841493014988,0.17387359389271065,0.16772679919486272,0.1816173932864072,0.17575598626084254,0.13255781243502696
157,GTEX-13O3O-1126-SM-5KM4Q,0.17182714391901047,0.17949314261099236,0.1764599085515213,0.18651629735594044,0.174063691558368,0.1116398160041676
158,GTEX-13O3O-1526-SM-5KM1C,0.2318171207987808,0.17464359068485039,0.19578358863764161,0.13414128702713654,0.18026623125586624,0.08334818159572464
159,GTEX-13O3P-0226-SM-5KM3Z,0.16992263904032215,0.17544459681803656,0.17057854917319776,0.18691232964587373,0.17690623165127947,0.12023565367129035
160,GTEX-13O3P-1426-SM-5L3DT,0.20820219251066022,0.1802557453790911,0.19245926702517183,0.15513074246325828,0.17933828850318292,0.08461376411863565
161,GTEX-13OVG-0626-SM-5IFEP,0.12447926606380592,0.18430128386093148,0.17754706194366637,0.18118553765131598,0.14344706797332102,0.1890397825069592
162,GTEX-13OVI-2126-SM-5KM3U,0.17218974070837625,0.1766971112294003,0.17274803200087363,0.17835453155718886,0.1759278414846076,0.12408274301955345
163,GTEX-13OVJ-1426-SM-5K7Z2,0.17385645821162754,0.17421895556947928,0.16893087686010763,0.17937345046763287,0.17764846072410725,0.12597179816704543
164,GTEX-13OVJ-1826-SM-5KM2D,0.1688731826141157,0.17348303645651297,0.16794072268588503,0.18162610915380753,0.1768322558936842,0.13124469319599466
165,GTEX-13OVJ-2826-SM-5L3GW,0.18025972231640955,0.174505636075456,0.18360700193103952,0.1649450638186421,0.19719804604319524,0.09948452981525753
166,GTEX-13OVL-0006-SM-5O996,0.21491079773729205,0.16126465945586793,0.14466949852762068,0.21570309135526747,0.1549741985681322,0.1084777543558198
167,GTEX-13OVL-0126-SM-5L3GJ,0.07623180729943241,0.0842846867862507,0.07730933381825325,0.08052139748986127,0.08214771793118994,0.5995050566750124
168,GTEX-13OVL-0326-SM-5IJCS,0.16287323585427044,0.1730351059120528,0.16948597086557018,0.17878629993458758,0.17460069300145956,0.14121869443205945
169,GTEX-13OW5-0011-R6b-SM-5O9BW,0.1768411111722753,0.17840550312921324,0.18721762939610948,0.16335078820547744,0.20033346981835842,0.09385149827856609
170,GTEX-13OW5-2826-SM-5KM1G,0.16977001341944134,0.17421150808692612,0.17253861994902775,0.1820045478365577,0.18250236119590113,0.11897294951214597
171,GTEX-13OW6-0926-SM-5L3GM,0.2053913791638642,0.18063562597236224,0.19373470131717663,0.15509231292035228,0.18137637170175508,0.08376960892448956
172,GTEX-13OW8-2326-SM-5L3I9,0.12271131252047908,0.18395586838005462,0.1751676988904672,0.18768578806082079,0.1435516062254449,0.18692772592273338
173,GTEX-13PL7-2526-SM-5IFGR,0.16353829560733532,0.17763613292538524,0.16977114029812684,0.178970387218283,0.17616341519952355,0.13392062875134594
174,GTEX-13PLJ-0326-SM-5L3I7,0.22381861204090236,0.17709972363132595,0.19290400348517855,0.13211772651704473,0.1747420762923928,0.09931785803315553
175,GTEX-13PLJ-0526-SM-5K7VW,0.17181853577747985,0.17825319090427913,0.17988358741932553,0.17924659680782168,0.17190120427891326,0.11889688481218057
176,GTEX-13PVR-0926-SM-5S2RB,0.20991439538550768,0.17836440188468483,0.19504116368238603,0.15184575176249215,0.17952668000223487,0.08530760728269456
177,GTEX-13QBU-0626-SM-5J2OG,0.16554244175810112,0.17842053694908808,0.1707419258629186,0.19108751473599483,0.18657096229715522,0.10763661839674203
178,GTEX-13QBU-1326-SM-5LU4K,0.1682297139641697,0.1722931247775447,0.1769063144007845,0.18357919588714094,0.17751469526794403,0.12147695570241614
179,GTEX-13QBU-2426-SM-5LU4L,0.23840192661295467,0.19067544940627487,0.19464564645464744,0.1304078727022853,0.1718952502655167,0.0739738545583211
180,GTEX-13QJC-0011-R8b-SM-5S2U6,0.17083816865134796,0.17174662326138776,0.18211506920341025,0.17032460054452228,0.1978088881914288,0.10716665014790284
181,GTEX-13RTJ-2626-SM-7DHKR,0.17180564805360865,0.17904090567183945,0.176348762794456,0.18208268480789472,0.17084109105347375,0.11988090761872754
182,GTEX-13S7M-0226-SM-5S2UG,0.16869638984579674,0.17675863303025352,0.16706702941058793,0.18344148837785385,0.17490671671799907,0.1291297426175089
183,GTEX-13S7M-0326-SM-5S2PH,0.23129861313625338,0.17997835303359216,0.19371005944410816,0.13176056050536109,0.1712701775830718,0.09198223629761344
184,GTEX-13S86-1126-SM-5RQJX,0.16324222842355432,0.17427498452037699,0.16873558877933256,0.1905449663179924,0.18383811039355208,0.11936412156519158
185,GTEX-13U4I-0006-SM-5N9CI,0.18778334430746704,0.17092098089140367,0.15302422673121965,0.21984226279513658,0.163298794624694,0.1051303906500789
186,GTEX-13U4I-1826-SM-5IJD2,0.23409691173394875,0.17942972100925506,0.20037721091754718,0.13023175427122927,0.17566496683196914,0.08019943523605062
187,GTEX-13U4I-2226-SM-5LU5H,0.1074083257627853,0.11915552094950457,0.10823192385152433,0.11518723500764814,0.11638053588255655,0.43363645854598104
188,GTEX-13VXT-0626-SM-5SIA1,0.16230158699727865,0.17486685065399937,0.16779497011851327,0.18959001432450995,0.18698181285015533,0.11846476505554338
189,GTEX-13VXT-1126-SM-5LU3A,0.24417105617881169,0.17264976371174626,0.21270606928180025,0.12818936611303802,0.1780500094986076,0.0642337352159962
190,GTEX-13VXU-0526-SM-5K7V1,0.1723025275185365,0.17900701247225032,0.18237466120487417,0.1851772350682919,0.17306548552495343,0.10807307821109366
191,GTEX-13VXU-3026-SM-5LU3K,0.17449440724438045,0.16767859716636943,0.1771599872882563,0.1700178937321308,0.19865604179926794,0.1119930727695951
192,GTEX-13W3W-1826-SM-5IJDE,0.17538252609135904,0.17692265220385353,0.176699010067115,0.1768306193323376,0.17831657161132206,0.11584862069401258
193,GTEX-13W3W-2126-SM-5K7UX,0.17149481073088912,0.17439265382612612,0.18084516609221588,0.1797489538442084,0.17946710178741487,0.11405131371914577
194,GTEX-13W46-0926-SM-5LU3T,0.16188776705768018,0.1745623107455008,0.16197711115409152,0.19038674410999235,0.1850469053304898,0.12613916160224536
195,GTEX-13W46-1926-SM-5J2MF,0.12923748897091877,0.17790229798391125,0.16732672885387762,0.18451153639701692,0.15094223344686225,0.19007971434741316
196,GTEX-13X6H-1426-SM-5SI91,0.1787121310808889,0.17353146940281902,0.1839814597221801,0.17154758902862544,0.1768644940831495,0.11536285668233702
197,GTEX-13X6I-0626-SM-5QGP9,0.09277907660133859,0.10412638530911228,0.09510528371119818,0.10074584655970092,0.10043249882842747,0.5068109089902225
198,GTEX-13X6I-0926-SM-5LUAB,0.17608275517582572,0.18245089227596106,0.16970794379807816,0.19075967268938476,0.17195857943513917,0.10904015662561128
199,GTEX-13X6J-2826-SM-7EPGA,0.17157975584159005,0.17117332265716198,0.1764190814698444,0.17921088937696594,0.17926098168850363,0.12235596896593404
200,GTEX-13X6K-1926-SM-5LU4O,0.1726327226697744,0.18180540903239875,0.17254392022007004,0.1828969828610693,0.1736625139434738,0.1164584512732136
201,GTEX-1445S-3026-SM-5O9BR,0.17860257616938735,0.1733859139964013,0.1810671030006164,0.16717676433115808,0.19812597731163803,0.10164166519079885
202,GTEX-144GL-0011-R11b-SM-5P9F6,0.17417431461530186,0.16832762262777554,0.18019194459022175,0.1699447864467074,0.2005271956007078,0.10683413611928545
203,GTEX-144GM-1926-SM-5LUAN,0.1689383601844162,0.17243104106267163,0.17530012025170713,0.18590299416191233,0.1773334301704991,0.12009405416879379
204,GTEX-144GO-1326-SM-5Q5EL,0.21361445815444002,0.17599628175330864,0.19167283411287467,0.1393132368821135,0.17517585981130326,0.10422732928595987
205,GTEX-145LS-0011-R5a-SM-5SI65,0.17745320766366474,0.17359771630098333,0.1866740472285954,0.16688196037258365,0.20269918336522466,0.09269388506894814
206,GTEX-145LS-1326-SM-5Q5EP,0.207438756424564,0.17913098753976628,0.19837343947356578,0.1522974644977366,0.18074309238112032,0.08201625968324694
207,GTEX-145LT-0226-SM-5S2QK,0.16477258154949573,0.17658375875578386,0.16516755624523796,0.19081510127108456,0.18674257793105065,0.11591842424734718
208,GTEX-145LT-0926-SM-5LU9C,0.16413903180719192,0.1767261664130547,0.17554848759163608,0.1751741819986009,0.1767619624872236,0.13165016970229276
209,GTEX-145LT-1326-SM-5O9AQ,0.17379005333231565,0.17572303610690712,0.17578321936801689,0.17619775331963325,0.17850527398864116,0.12000066388448591
210,GTEX-145LU-0426-SM-5O9AH,0.16439355264784986,0.17841103665822627,0.16810548905941616,0.18688742502612682,0.18208310465531488,0.12011939195306612
211,GTEX-145LV-2326-SM-5LU8Z,0.2265996792210614,0.17998096221262797,0.19792110091434176,0.13738989759171613,0.17425095406935676,0.08385740599089597
212,GTEX-145ME-2026-SM-5SIA5,0.24904596471095147,0.18078492132780413,0.2039438644493084,0.12162872821754381,0.17449344367590658,0.07010307761848547
213,GTEX-145MN-2426-SM-5NQA5,0.24582610911219768,0.18257347979410415,0.19846617739279235,0.1260010469086385,0.17141900809912863,0.07571417869313875
214,GTEX-145MO-0626-SM-5NQAW,0.17215958834397818,0.17756112616322847,0.1764830232372022,0.18082481089576524,0.1703093745293433,0.1226620768304826
215,GTEX-145MO-2426-SM-5NQ9W,0.16738626674371898,0.17395517422804183,0.16815094925413196,0.18079247104207577,0.1789721293101239,0.13074300942190753
216,GTEX-146FH-1326-SM-5NQBI,0.1718850648733462,0.17987704586328218,0.18062327933759126,0.18593574340420577,0.17603025340461248,0.10564861311696214
217,GTEX-146FH-2026-SM-5SI9I,0.16958603905507835,0.17868222093479108,0.180582156295223,0.18550357477310392,0.1802192508108124,0.10542675813099125
218,GTEX-146FQ-1026-SM-5LU8I,0.14546547246129735,0.17594630022839577,0.17863649463471126,0.17414170202470622,0.1652302424729237,0.16057978817796573
219,GTEX-146FR-1726-SM-5Q5DT,0.24016590206275235,0.1852495172692011,0.19779628222220003,0.1308346048003797,0.17057556269943763,0.07537813094602902
220,GTEX-14753-0926-SM-5Q5BI,0.16483476376991124,0.17628594794951533,0.16063234516420333,0.18785151197556996,0.18352315169280464,0.1268722794479955
221,GTEX-147F3-0226-SM-5NQBV,0.2505480127116224,0.18626562892758142,0.1983057947395752,0.12480226305496014,0.17280360471124823,0.06727469585501258
222,GTEX-147F3-1726-SM-5SIAW,0.0863973159564652,0.09584837807523398,0.08558255656712664,0.09066789531489328,0.09114248810408493,0.5503613659821959
223,GTEX-147F4-0126-SM-5QGPV,0.17266820894130355,0.1827996084272198,0.18377358310996045,0.1881666535367014,0.16882635543092378,0.10376559055389109
224,GTEX-147F4-1326-SM-5LU9V,0.17122647496007296,0.17959730992730155,0.17331334981690097,0.18168017207928205,0.17525836717444393,0.11892432604199853
225,GTEX-147GR-0011-R2b-SM-5S2RQ,0.17398322297464414,0.1739892786548404,0.18417661272239988,0.16749847025656964,0.19806370766950968,0.10228870772203635
226,GTEX-147JS-0006-SM-5NQ7K,0.198581136929427,0.16368892131648904,0.1446163097647866,0.21710249086236466,0.1621193262221978,0.11389181490473503
227,GTEX-147JS-0426-SM-5TDD2,0.1668377054412666,0.17505085576300136,0.17166822317563096,0.18297154622131503,0.17638153697465092,0.1270901324241351
228,GTEX-147JS-0526-SM-5TDD3,0.27822312677782784,0.1798142999236431,0.20289205271157176,0.1099477126876424,0.16381578810116038,0.06530701979815444
229,GTEX-147JS-2526-SM-5S2Q8,0.16458258576479717,0.17441158739103138,0.16851956762580778,0.18178436731428024,0.1792653164235403,0.13143657548054313
230,GTEX-1497J-2126-SM-5NQB8,0.1686681258749041,0.17619542702936333,0.17033007313172463,0.18261036332052147,0.17758896019326453,0.1246070504502221
231,GTEX-14A5H-0526-SM-5TDCN,0.16603099409394304,0.17573945955876666,0.17037751276835633,0.18754648441514912,0.17541144654457252,0.12489410261921237
232,GTEX-14A5H-0726-SM-5Q5DW,0.16117219948109987,0.17826170607459355,0.1670603001538919,0.19323964961159074,0.18200196646610342,0.11826417821272063
233,GTEX-14A6H-2026-SM-5Q5DD,0.051772794945525766,0.058613457272245435,0.05378164480896527,0.05487240946740407,0.057062372469856765,0.7238973210360027
234,GTEX-14ABY-0011-R5b-SM-5SI7B,0.17885814492098714,0.17187105071364142,0.18610286306909382,0.16477545333817087,0.20479322397146676,0.09359926398663991
235,GTEX-14ABY-0011-R9a-SM-5PNZK,0.16406200885643538,0.17792341073565895,0.18355361175273835,0.17365741150706318,0.18830275550748807,0.11250080164061597
236,GTEX-14ASI-0011-R1b-SM-5S2TY,0.17428016188000997,0.17147466994476362,0.18829904620729734,0.16926753771186143,0.2032378613172115,0.09344072293885618
237,GTEX-14ASI-0011-R5b-SM-6EU2M,0.17656184048975512,0.17206631702807562,0.18101975189018965,0.16607730381809527,0.2031275084346951,0.10114727833918931
238,GTEX-14ASI-1126-SM-5QGPN,0.16965784130457942,0.17966663187105256,0.17129164874074357,0.18440590448214755,0.17591103569962968,0.11906693790184725
239,GTEX-14BIN-0011-R11a-SM-5SI79,0.17200941768324945,0.16907435655739098,0.1770440515021181,0.17141914558689547,0.19972660407816067,0.11072642459218528
240,GTEX-14BIN-0926-SM-5S2OZ,0.17201315472707904,0.18173177682312738,0.18455038747468522,0.18385155135525097,0.1701559340655234,0.10769719555433388
241,GTEX-14BIN-2626-SM-5YY8U,0.17071820397552986,0.17463781697825564,0.17072030893707568,0.18003913762489024,0.18179553280559058,0.12208899967865781
242,GTEX-14BMU-1226-SM-5S2OR,0.11096939364242761,0.11841658571508697,0.1094709773965198,0.11468348146906722,0.11493230780027457,0.43152725397662384
243,GTEX-14C39-0011-R3b-SM-5YYA3,0.18152161526002225,0.17171722787068824,0.19002446642291654,0.160997804617932,0.2034699405283183,0.09226894530012274
244,GTEX-14C39-1926-SM-5ZZW5,0.15720702585017127,0.1695219998090294,0.15518746528762792,0.17782270724164,0.17318233892950305,0.16707846288202827
245,GTEX-14C39-2626-SM-5S2QD,0.17244445073880776,0.17875463746666245,0.18084049791088672,0.18259015953310764,0.1736091302224722,0.11176112412806331
246,GTEX-14C5O-0926-SM-793DM,0.16659823247448058,0.17732039725217258,0.16640544051987746,0.18389669507507855,0.17464262082257628,0.13113661385581446
247,GTEX-14C5O-1726-SM-5RQI9,0.17342269381609912,0.17640033842656305,0.17191154640389755,0.1777733895920781,0.1764892509234264,0.12400278083793577
248,GTEX-14DAQ-0005-SM-5NQ7B,0.18295785155550973,0.1678049722504876,0.14804670911534465,0.20385842963042783,0.16863760467796032,0.12869443277026996
249,GTEX-14DAQ-0326-SM-664MR,0.2636438570598147,0.17669518728047992,0.21038401750521757,0.11245386461705471,0.17167111402978072,0.06515195950765226
250,GTEX-14DAR-0426-SM-664MW,0.1681586947166933,0.17619493220077825,0.17137520946228824,0.18593471386624044,0.1754228615161404,0.12291358823785939
251,GTEX-14DAR-1526-SM-5RQIX,0.16220374089834405,0.17682973695815524,0.16929057021173333,0.17366656244289716,0.17476282998287235,0.1432465595059979
252,GTEX-14E1K-0426-SM-5S2PF,0.1655021710301721,0.17274394681870475,0.1720047822890407,0.18045490530817862,0.17746238865381184,0.131831805900092
253,GTEX-14E1K-2126-SM-793DU,0.1620386351685451,0.1696011277468697,0.1621539527142451,0.1738552217116173,0.1716027477722192,0.1607483148865036
254,GTEX-14E6D-0226-SM-62LDW,0.16543725470263984,0.17896638941380086,0.17040465385070616,0.1845634989314189,0.17427461503815675,0.12635358806327748
255,GTEX-14E6E-0006-SM-5MR5N,0.21989174982358778,0.16375107122553148,0.12560082516567553,0.273699779896392,0.14597251174113976,0.07108406214767347
256,GTEX-14E7W-1926-SM-5S2R9,0.1696446778135314,0.17587984045783736,0.170684938574226,0.17932837088361234,0.17935658369678148,0.1251055885740114
257,GTEX-14ICL-0006-SM-5SIAB,0.19730910805529986,0.1651791692045524,0.1353606508921413,0.24732749594628392,0.1548928606407965,0.09993071526092612
258,GTEX-14JG1-1826-SM-5YY9Y,0.17066471504034222,0.17525301006585128,0.17079315780137713,0.1800674149824658,0.18103908473330613,0.12218261737665748
259,GTEX-14JG6-1426-SM-9WG7C,0.10580751172733571,0.11551358357581301,0.10611315254600807,0.11221635756775106,0.11277564043503956,0.4475737541480526
260,GTEX-14JG6-2026-SM-6EU2E,0.1741693055746043,0.17937288511182842,0.17914836713523866,0.18348014245932973,0.17214815014845972,0.11168114957053923
261,GTEX-14JIY-0011-R8a-SM-6AJAP,0.181130054603526,0.17295300216235016,0.1939976665072458,0.16250858456431774,0.20226141533566333,0.08714927682689692
262,GTEX-14JIY-0426-SM-62LF7,0.27466765509664515,0.17808870513217823,0.20759230603782017,0.11211106528786655,0.16665520870974718,0.06088505973574279
263,GTEX-14JIY-3326-SM-6871E,0.16337036254447546,0.1754168067346901,0.16898945927872233,0.17411801019826723,0.17546370545228968,0.1426416557915553
264,GTEX-14PHW-2926-SM-6AJBA,0.16148722181810016,0.17267718928877007,0.15815138066634196,0.1858900505927755,0.1810789659392762,0.14071519169473612
265,GTEX-14PHX-2126-SM-6EU2U,0.23632825788279072,0.17581269473890265,0.20574961586411372,0.1352060655346369,0.1793069975848611,0.06759636839469492
266,GTEX-14PII-1026-SM-5ZZVW,0.19920362937715555,0.18015310711009255,0.1856724126099617,0.16836218664785915,0.17848616156322059,0.08812250269171043
267,GTEX-14PJ2-1026-SM-6EU1M,0.18398852359453613,0.174827406626855,0.18169033563181267,0.1702995707509345,0.17945900608172904,0.10973515731413265
268,GTEX-14PJ2-1426-SM-62LFF,0.16807836844154508,0.17363085991988508,0.172705437163842,0.1813368047638191,0.1806283337380743,0.12362019597283432
269,GTEX-14PJ6-2226-SM-6LLIV,0.174375750566857,0.17673239772698152,0.17444430080674522,0.18323390630239075,0.1785410808114485,0.11267256378557705
