i_doc,doc,Topic 1,Topic 2,Topic 3,Topic 4,Topic 5,Topic 6,Topic 7,Topic 8,Topic 9,Topic 10,Topic 11,Topic 12,Topic 13,Topic 14,Topic 15,Topic 16,Topic 17,Topic 18,Topic 19,Topic 20,Topic 21,Topic 22,Topic 23,Topic 24,Topic 25,Topic 26
0,GTEX-PLZ4-1226-SM-2I5FE,0.0361276763087793,0.2096865164487604,0.0011077107799130168,0.013234131697639729,0.044579686411021946,0.007872167440183415,0.03635322335934225,0.018842624426104113,0.03810431199651638,0.04000510761771609,0.029807141502599627,0.02705913609320134,0.041623605302811464,0.06818431392163696,0.006010967577220759,0.03553796626010608,0.018747181451045022,0.055597296607537566,0.027673527463504783,0.10569635808133819,0.049203320924858525,0.024737102508892984,0.006090622531716281,0.018282610320374586,0.03333242844743454,0.006503264519744737
1,GTEX-1EMGI-2726-SM-7P8S4,0.052572357277511646,0.03186296678574949,0.0018337614212024832,0.006432876308127131,0.03305033130731396,0.008687325366589345,0.0073598493849416895,0.18727886300918273,0.08921112570856929,0.015125989105493091,0.053033222413728105,0.02847298767410644,0.08029041612430947,0.005872765872069802,0.0035992451650638784,0.009913999229599776,0.04656427588267349,0.019493423791702155,0.10093111112254623,0.027305035873248906,0.11621753633138629,0.005055815447267273,0.009136134937081727,0.05018067692382822,0.0037768156634576267,0.006741091873249764
2,GTEX-1C2JI-0008-SM-EXOHZ,0.004002313069665215,0.0034823940585982016,0.002639276590242853,0.002795132642622577,0.003647340691825084,0.0029646046113085273,0.0029584950939832645,0.0061462621449275626,0.0042822529915131765,0.0031933364580239458,0.003270559467930528,0.0031981451008025645,0.004472049862249504,0.0029210988338598722,0.002745629517796832,0.0029784666740093188,0.005504683515955541,0.0034247795692953047,0.006769580330611399,0.0033837531632127556,0.003828542721249926,0.0030085578493605843,0.004789748486744772,0.900031586299846,0.00280419548359852,0.010757214770766205
3,GTEX-1S5ZU-2526-SM-E6CIF,0.008218035160665297,0.00521257703383364,0.0008311750844522029,0.0012269440679866222,0.004806483148553809,0.0014390704076512279,0.001905044429332184,0.0047742101270780045,0.0067440755989281245,0.0032990643141326153,0.00549505460772416,0.006917857672622504,0.00602898264473072,0.0022519671996894352,0.0023466472183184426,0.002224144177203264,0.004188506041515338,0.005672165938085367,0.005793745376939875,0.004554042050532437,0.0058973212154511,0.0018011702945308827,0.8916865353721111,0.01145121849475917,0.0014729695151101624,0.0037609928080622737
4,GTEX-11EMC-3226-SM-5EGKW,0.009244032273876652,0.0064717367465090166,0.003422433848799945,0.0018340892755422222,0.006438202697701915,0.001908510922564637,0.002342867146812087,0.8363099947042854,0.009352273704066945,0.0034662924101789418,0.016065501086429183,0.007488400602678352,0.012045175462049305,0.0021419210948609596,0.002721179454948092,0.004535187297415297,0.022718966345663852,0.003989004931200091,0.00894765682140848,0.0034668313514922104,0.012022690373904328,0.0020823243585018475,0.003028893275080948,0.013126429434730974,0.002387617829377927,0.002441786549920269
5,GTEX-11ZUS-2926-SM-5FQSL,0.0063916997381454925,0.004443217803415174,0.0017034596262699951,0.0017100466678488337,0.004451119719150479,0.0019523446635520498,0.002127041799427887,0.8628196817015917,0.006594012831289087,0.0028089207438901174,0.01387861190218667,0.012821525291360812,0.00833391898551695,0.0019401774271001022,0.006663184000230018,0.0040477248791062825,0.016902494334755467,0.0030785243028612656,0.005889527563769273,0.002775586663258072,0.007151304711739936,0.002768371548832053,0.0039886997130475325,0.0095838384686277,0.0023233349045546276,0.002851630008472386
6,GTEX-18465-0226-SM-7LG5M,0.10635319645655071,0.042826537088620165,0.001465979550281903,0.008225574808600896,0.10335002831294178,0.004025493707710215,0.03191638442395322,0.011968109786047317,0.12773218145487558,0.048204046262260374,0.026108369246679683,0.025046372168806924,0.04431207676970764,0.006633437225190711,0.0030607530772043027,0.0055962476526696045,0.010710701265486403,0.04733192871164079,0.14664177578838544,0.01760219809632218,0.07287333511583814,0.004658741587339322,0.007179023222222943,0.06287969393380229,0.030407392791747784,0.00289042149511358
7,GTEX-1I1GU-0926-SM-ACKVS,0.011673060644147552,0.009133545023367837,0.001039679796080683,0.0017792063411103652,0.013350766271176146,0.0018385455397143425,0.004357614511410373,0.00631640156539149,0.012343430804447577,0.008046104496380449,0.005398095647747605,0.0022989553141134957,0.009272730877567716,0.004349552119374859,0.0016889888050088426,0.002891305740758799,0.003951347558642104,0.009856223655515528,0.009580414731617661,0.006724149257457971,0.008606883736184304,0.0020998881795883185,0.8405783573422962,0.013461502601114452,0.0072164755876274215,0.0021467738521579994
8,GTEX-1JMLX-2326-SM-CXZJP,0.007605481758401142,0.009740746502152252,0.0006083762923239492,0.17185626497909948,0.007414206956404164,0.04988286774522419,0.02605204164652718,0.00476695961028123,0.006709341633116334,0.012597482855987439,0.0026480098421346756,0.001776475805221154,0.008114963439072732,0.10568922065988784,0.01887412545396421,0.005663565074598352,0.007017861815618394,0.02048184022465969,0.005964973727580037,0.03759224438206585,0.006236785467750497,0.060498784239935405,0.3876686963562396,0.008469418789121816,0.020871991128570976,0.0051972736140613665
9,GTEX-1B996-1726-SM-7IGMW,0.06533710855084895,0.034805850366236395,0.0017696222342571586,0.0036382201247261016,0.052901925718788184,0.004713339285775159,0.013085219897246477,0.03954117520364942,0.13038180475193942,0.022057952124958497,0.07785686809631796,0.04686252148927654,0.07180995847933729,0.00416816556489368,0.00659634218469481,0.007558821790606853,0.024780316713895186,0.020901370647344437,0.15289394415642635,0.013334058097633278,0.10351469564529465,0.005775730535195494,0.004127818069650341,0.07756720634076253,0.008746836616700964,0.005273127313543971
10,GTEX-ZZPT-1326-SM-5E43H,0.02200210203714084,0.025929582188194827,0.0006665136711618455,0.04098105061720623,0.05564160489486301,0.014448194670337077,0.08333707196892749,0.006479837681436377,0.029373802204730296,0.07119054663853845,0.009001424156613804,0.005112848424587683,0.020464447842359,0.22153437734551107,0.010463994083116787,0.005339039251465072,0.008095193778457107,0.02984635880618235,0.024448667042265056,0.020560156928344307,0.02090448742377654,0.022611530672767225,0.004087478738816758,0.022332848533629986,0.20970440857673758,0.015442431822833292
11,GTEX-1GN73-1626-SM-9WYTS,0.023766694295535927,0.07459493717927651,0.0007304587569985797,0.16823144632665799,0.0243398348031886,0.07614738815974836,0.0626270619110262,0.012070106639715611,0.02672688694633674,0.033109544391724116,0.007063996956243806,0.00789025871732793,0.028504912467556747,0.07479940326548765,0.0027616117751776623,0.010442950753688668,0.016172430072396056,0.03809372450711555,0.02978509525133987,0.10743981264764033,0.025042578961295758,0.05195827924867789,0.014286224029014685,0.03122644262229968,0.047527938697012405,0.004659980617516719
12,GTEX-1IDJH-2926-SM-C1YQ5,0.00809417624465656,0.006851174337736863,0.0012306555448938809,0.002554986763968987,0.006212254725623182,0.003061588722247253,0.003168115121365546,0.11397880009945319,0.009363843164774838,0.004560847506122217,0.009761267351029038,0.006100569809305003,0.011265734294283843,0.004236751405861865,0.011046282345469775,0.005063703531637273,0.7380346005818897,0.004846678945585615,0.01256917032755626,0.00549825134540595,0.009844711121695441,0.0034716841783749707,0.00295594762718,0.008353975512590534,0.0017713455427837191,0.006102883848508349
13,GTEX-P44G-0011-R11A-SM-2I3FD,0.008761538336300964,0.0069574804547894945,0.002049951783541628,0.0016764687890638925,0.00672223768080108,0.0017874728370871965,0.002380077860978837,0.8326530808520531,0.011430132827548765,0.004073883467223552,0.006137589631522006,0.004059589881071993,0.012350947276772488,0.004498985748905355,0.00254132988360719,0.005000628846635006,0.01674624431086742,0.004301017041529486,0.01099069993465669,0.003830618580467359,0.012119969895071693,0.002118388407982695,0.0046231491362742965,0.024087075605110028,0.002928034029588253,0.005173406900549377
14,GTEX-17KNJ-2326-SM-7DHLQ,0.010363249355619655,0.007277472238606974,0.0008608528851380332,0.0013840720206399189,0.006991056564796883,0.001681113659456915,0.002260083702353645,0.004925935325109413,0.009638816141078548,0.004539451120848649,0.010661824228073742,0.02512431196754376,0.007989833074160273,0.0036561748290521445,0.0033354319570796753,0.002774325141845904,0.004363483837486634,0.007887734616239052,0.007033463324765125,0.006218687597216827,0.0075907856514184375,0.0020294198813286656,0.842150886037485,0.01025177749306174,0.0019789957573531063,0.00703076159224119
15,GTEX-131XW-0011-R10a-SM-5DUVA,0.005999012890802216,0.004477902711409183,0.002588776982654222,0.002897112577044208,0.004542067521026518,0.0028270720567136333,0.0029269381723361155,0.8627549546104627,0.006597910653706015,0.0034100358821535512,0.018561553508026987,0.009622508194111024,0.007830422761087585,0.0029626788357812826,0.002792647007211724,0.003850576881565245,0.009700724992401039,0.003865782159617661,0.005628975354620205,0.004401376781092701,0.006641076740273341,0.006236978903250206,0.00440104006890116,0.008646286697082919,0.0027656145235071855,0.0030699725331613872
16,GTEX-1192X-2526-SM-59868,0.024014594218462016,0.020628193866438032,0.0007545091483853945,0.10787303261379225,0.025380047930869322,0.24511349688372916,0.058451526634375785,0.060641382698986696,0.038316720046247456,0.031006186223183074,0.028702743494812548,0.010572330523468775,0.03408276478708286,0.02130992780601664,0.007415652083633679,0.014368426236999129,0.02503747640762224,0.024506408236095456,0.04088220234146478,0.022687178609078713,0.04229211493504848,0.044229153121018036,0.0020110808415563274,0.019913295641283395,0.04244949644928969,0.00736005822106005
17,GTEX-1AX9K-1526-SM-73KVP,0.03513047990158272,0.0986631462192775,0.001191775651707708,0.0065473078655910785,0.021115179512589743,0.017170114915539818,0.0064350300834904155,0.028540895061829465,0.034085876164309005,0.012094461818257747,0.07794862543071354,0.2905627564092611,0.04044067055334122,0.01731625420957974,0.006031720291867961,0.010480105535401782,0.0238275448898055,0.01933045682902042,0.03170580091007898,0.10370890592232555,0.03463761972688754,0.00833237160230303,0.021986002856499428,0.03983589584557617,0.004434668612410763,0.008446333180752085
18,GTEX-1B97I-0826-SM-731DN,0.025410349889164376,0.10742247044957075,0.0011554029261402743,0.022489381441888032,0.019132426490036873,0.04732916176558551,0.013330934093181231,0.029123491338250138,0.020500059975867315,0.0172440421204221,0.00522563315723523,0.004262096250428487,0.035471968833015934,0.06737625951582764,0.006306287736665322,0.019335056659499264,0.042561961327292674,0.029972421758571746,0.017511494218747616,0.16060677623386646,0.022010702481132495,0.029451377534295275,0.15171076112881746,0.037317958367550544,0.011117371005739257,0.05662415330120783
19,GTEX-1R7EV-1526-SM-E8VOD,0.11827218847627642,0.040558006439410245,0.0020228315603831497,0.0065642867329513705,0.1578400781109998,0.003928554393722377,0.024393217409195988,0.015079359607776068,0.12688057343536244,0.05227606901014502,0.0143000872556176,0.008901853057772942,0.03774467774822199,0.005375390389331592,0.021411427368930133,0.009051671776311998,0.010582667091236625,0.06741039936377428,0.09897642951362222,0.01811121725713233,0.046354624541399714,0.009379584237672137,0.00743137799123559,0.06952999480766732,0.01957883745609234,0.008044594967758398
20,GTEX-11NUK-0011-R5a-SM-DO93N,0.00687671346995998,0.00489729086099994,0.0017503899135316006,0.0018004091189719807,0.005464157081202889,0.0018362975321438212,0.002314337641943364,0.882846297722842,0.008199870187448109,0.003122292326097225,0.007388306409544416,0.007592033935030515,0.008029015310699845,0.0023380579655868463,0.0021854557209228646,0.0033815135098600358,0.008302749693891167,0.003068494109475391,0.007629620285496205,0.002740570070422968,0.008342915921110023,0.0018991737993678752,0.0019799214683976422,0.0118544325008124,0.001978841785299451,0.002180841658941457
21,GTEX-POYW-0826-SM-2XCEM,0.042178197245089206,0.22467913101704096,0.003534355807293893,0.0044419805119248566,0.033486970866333135,0.003382863125679714,0.015072489346215927,0.03155723531662663,0.03626421424952962,0.022504790013704944,0.027353106105281386,0.06574687364551733,0.0394748137080697,0.030023562989590677,0.004797649820788134,0.04254489337222457,0.020732022581841522,0.04263619499578586,0.031158557249429043,0.08593300864089783,0.05344587810739621,0.00977881087765924,0.074897227331975,0.025827269196860677,0.024668333446374924,0.003879570430869042
22,GTEX-111CU-0826-SM-5EGIJ,0.049760745349208886,0.026442584950394178,0.0014025765219227266,0.003554876186893101,0.05297930371759676,0.006936665127231422,0.013651260342410753,0.019797353120767497,0.096092621426629,0.02443715328798211,0.03360525188819709,0.025258139146834398,0.06194064490236661,0.007237580255935166,0.009583669152259756,0.008648863553246344,0.027636266960312194,0.01817069712134092,0.09497156865585354,0.014474858328906924,0.06922165746349175,0.17095251217160543,0.0033776020678995583,0.04113885419531596,0.0069064482721134775,0.1118202458332844
23,GTEX-14PJM-0011-R8b-SM-69LPD,0.006120815220208737,0.004979356841585791,0.0016200328488750616,0.0014820043506095961,0.004064099835029059,0.001659577885154684,0.0017570553227500086,0.8297347864549094,0.007615101578821786,0.002427156351456576,0.005616500304024579,0.0046142255467924165,0.009590817833690037,0.001906325463789576,0.002528086501123277,0.003047798311785921,0.0677023510660208,0.002941225862826013,0.007765099242704994,0.002841042102013176,0.008852313268802432,0.0017836362400540829,0.002165426027947574,0.01236345348217949,0.0015200069631743133,0.0033017050936707654
24,GTEX-WOFM-1626-SM-3MJFX,0.09451504875374257,0.03099009912663008,0.001246923798004839,0.005321519581288196,0.05766258489691269,0.0046584855792519845,0.017098794679304856,0.0938040623868939,0.07986549587786931,0.026715960472641534,0.019964737222390824,0.01776063178490972,0.06637854796032619,0.00839448299175197,0.007807323465014002,0.010858468532165605,0.023499281718707413,0.02020923320997994,0.09444636992170304,0.011585007281753277,0.19886818744036597,0.006814102286951023,0.004590529796539241,0.063550874666794,0.009939808559538105,0.0234534380085696
25,GTEX-1EU9M-2926-SM-793DF,0.008034160857275952,0.006298159816213691,0.0026474704548920315,0.0017668745209574411,0.004469335095714962,0.0018921326870841733,0.0021987207221863133,0.8306617633740517,0.008089817315305054,0.003217840840361185,0.007447451533492527,0.005501903617725428,0.011714602527045304,0.0032587239917611617,0.003586210447019811,0.006186108268921814,0.021537081761044703,0.003917871595000362,0.006931811038004573,0.004083398260392499,0.01109038205796535,0.0027721091555639892,0.0069831074171525925,0.01035875424987554,0.0018329269921164334,0.02352128140287536
26,GTEX-1RB15-1126-SM-E8VMX,0.02231608246339048,0.01953299490488342,0.0008086548912478723,0.04888049519169459,0.041327090806843866,0.021695184505964,0.04859765732412272,0.005396614947782536,0.029884310975895313,0.039446085778365746,0.011111832632687033,0.014882079814245651,0.01910245995047867,0.028417373666064526,0.004758999831605374,0.004820288730370618,0.012764474512375742,0.02944202096514932,0.026478273892856265,0.024407513765620326,0.01792687412435136,0.41912369157770824,0.004253480030752795,0.021592443299442137,0.07436130033401153,0.008671721082090054
27,GTEX-1PPGY-2826-SM-DTX9H,0.020860314454897277,0.016907764443131287,0.0010072002990246444,0.0892619756750362,0.015053356478696045,0.42660923017322994,0.034573646162481944,0.036935420156339695,0.031232738496489207,0.0175781108914236,0.02052047552939347,0.01354830845204528,0.030356779442845424,0.01826164255774325,0.0036247214739413935,0.005745693202694068,0.017059472282623177,0.018262588394756953,0.03801882726883854,0.02303848259811592,0.037690222106568624,0.045127417723772774,0.0036524966416950824,0.01747744428117689,0.0135800333697601,0.004015637443279147
28,GTEX-ZDTT-0326-SM-4WKF9,0.021065361561097395,0.012328605397444594,0.001147124031891748,0.0018259090875781237,0.042753470484578,0.0017162122324867533,0.012133380125249888,0.01121683143235398,0.039021162310489466,0.022867520166150578,0.600766097746913,0.04141282595811152,0.018947607295647442,0.0029746704381144622,0.0026192072960501676,0.0037967230080277314,0.012950706845614115,0.009391179016314201,0.03948205384374127,0.004328771685085216,0.02542493821267709,0.003017939606453713,0.002380955025409696,0.021380791693861114,0.014414458469675331,0.03063549702898331
29,GTEX-1JKYN-0126-SM-AHZ4C,0.03266347934485146,0.019457796421994824,0.0013929911197116717,0.004689329084116739,0.045717594992712024,0.00410591598428199,0.015749520178798486,0.05142570612194141,0.04278347827314669,0.026869800250065894,0.012894517893088403,0.006785262582330953,0.043083623150705665,0.005025139564722943,0.020477515122795314,0.28530771928085014,0.1794442578123664,0.016147479908495122,0.038427735734237564,0.00954895650243026,0.0363652861844985,0.010723881254767326,0.002415345994661731,0.025752746041158358,0.008887618248638485,0.05385730295263148
30,GTEX-WFON-1926-SM-3LK7L,0.008446430382319564,0.00460516359825756,0.0005226199683846273,0.001265247102064801,0.007202406596446454,0.0012246109237132874,0.002608988649059674,0.004424366160102714,0.007419559642672774,0.004322317894591363,0.016160128880840608,0.002572500619493749,0.005277271219158865,0.0019972100636358914,0.0022355336070766624,0.0030460409973884174,0.0048037900071051754,0.006038218154555902,0.0068456869543713555,0.0035655352286743554,0.0060225064875897415,0.0013971773657731705,0.8810311302797881,0.012301287543867254,0.0016513622405458358,0.0030129094325219746
31,GTEX-1KANA-1226-SM-DHXKE,0.011692092302972534,0.014445613332293604,0.0005564509778980468,0.12198690869921314,0.02844103237848246,0.025021378196738168,0.09580517781061068,0.0072889292907705626,0.014173151594574567,0.04021062604805204,0.0043243846327675065,0.0020394943334611417,0.012240799692181484,0.01659233962532802,0.0035479499068021207,0.003975289940082043,0.008869923518696836,0.019460241906997428,0.009927505077439145,0.014862312178059516,0.0134047441898472,0.021074470578574513,0.0013689083708362676,0.004799999240713791,0.4970349699716869,0.006855306204920239
32,GTEX-1QP2A-0126-SM-E9J43,0.020926219016917588,0.012092919120719433,0.0010018366798812768,0.0028705877183200145,0.010340750277272688,0.003842850855398761,0.0031717476399136116,0.006793791720806504,0.017645153863876894,0.005776399081502283,0.0054927354787699285,0.007046953896554315,0.013619363331325208,0.006875608421802118,0.0021391001136207236,0.006794795561459467,0.00928769479391509,0.01238208702378585,0.02016849417382724,0.013639251084600935,0.016168403004557467,0.0036204431305532137,0.7708341264877537,0.020706436616001,0.0021225381686659638,0.004639712738198522
33,GTEX-UTHO-1826-SM-3GAFE,0.07006049932106748,0.03367973721767567,0.0014906543858405794,0.040076913456805155,0.13451048565996218,0.010665500652647467,0.09162154301940911,0.004461025912188779,0.08396484132311977,0.09200451521961239,0.009161146673063917,0.0034558815050080073,0.029097842307033144,0.013559662059990473,0.008947219238744628,0.004587224616249044,0.006350690058611097,0.05995655721231472,0.06980999209689621,0.018084606742999235,0.03760839219784659,0.013438350522187165,0.0045201502617251066,0.03871910582863283,0.11661555778618496,0.003551904724184112
34,GTEX-T8EM-1026-SM-3DB7M,0.008542031474454813,0.0044095972587114025,0.0006585454091936559,0.0011168488850639069,0.004961552620834204,0.0011380536928808378,0.0017803327170853433,0.0030846742179274243,0.006803255482581656,0.0033314374021085062,0.0027536622643315315,0.0024898974834215368,0.00548786135155514,0.004679669064050303,0.0012889644269122272,0.0018234594270637894,0.002670101330148589,0.005231036326725503,0.006163475793836409,0.003767108780317473,0.005019365426389179,0.0013832183730371843,0.890769414975671,0.012679506485550543,0.0012631697704354238,0.01670375955971246
35,GTEX-SNMC-0008-SM-4DM5A,0.009189827130741287,0.006067072998332181,0.0023312102663610615,0.002532526464039951,0.005714531380091136,0.0031847584491678164,0.002913950299691782,0.019076688619416134,0.00948315262644133,0.004109043159019233,0.005635176459250249,0.011191116282223917,0.010510495161252568,0.003645618066880262,0.004588692929032369,0.013966364932044896,0.010848174986451915,0.005287925205275938,0.014174621656552255,0.004684816868791882,0.0073750663377920135,0.0045711017643640895,0.013745178295751365,0.7806571232099552,0.002441101775826217,0.042074664675252886
36,GTEX-18A6Q-2826-SM-7LTAO,0.0076223518501782935,0.005613761482797482,0.0016005699305332475,0.001659757742776358,0.004501346361061977,0.0017398102921091316,0.0020518063186181525,0.8656178372918134,0.007993357507163212,0.002896782368247196,0.006652155026747966,0.005731266467090779,0.010242843936759269,0.002583550211236033,0.002029473558899415,0.003327916921270357,0.011910813220333823,0.0034692559574484704,0.006831550136921841,0.0034346275607224095,0.01020739333128194,0.0021988293547296634,0.004815583371934308,0.011612293521688634,0.0018156907244637802,0.011839375553172942
37,GTEX-1EX96-0011-R6a-SM-9OSVV,0.005688747594759736,0.004311163337003476,0.00153480648499329,0.001698106942915633,0.005402542224147173,0.0017785311695357926,0.002173063407369699,0.8450103189948741,0.007148413786708547,0.0031316831995283753,0.006790858557452018,0.004680267541204396,0.009460485981398937,0.002044713646094242,0.00352300081051821,0.003001611317874343,0.01532208683204145,0.0030134042920511874,0.006862964352065926,0.002618077266758726,0.0074794984535715,0.0019009012687589118,0.002114731681458065,0.013004051868338555,0.0018930908691791757,0.03841287811939867
38,GTEX-S7SE-0011-R11A-SM-2XCDD,0.01590472215127121,0.0149003994798715,0.0016245649261244876,0.0031984515822818423,0.022491649779614636,0.002254414972815146,0.012666492471239825,0.6072355799274392,0.019356694163598084,0.01607242810440344,0.03256788472490843,0.0675331597919904,0.0163195905697825,0.008957699371585732,0.002065085378943355,0.004198507509849066,0.01734711144834371,0.010374781387373307,0.013763846859516838,0.007522329850159193,0.019279942204934977,0.0035342165313588213,0.01700481461076364,0.014000717000996725,0.04622979307726193,0.0035951221235722593
39,GTEX-T8EM-0526-SM-4DM64,0.005989598423597712,0.006374730686092731,0.0008814079701799078,0.06485546224774172,0.005075877253063778,0.027722124801569024,0.01999264262665329,0.0033899859343545064,0.005633038007187951,0.008486444895835306,0.001558144459175356,0.001958693037262093,0.006551980095840611,0.0732018609429516,0.0015179927715102467,0.003199271688880856,0.007375077854898883,0.014053278669867811,0.004462547066802335,0.020200830337328557,0.005259501464974736,0.040537505621851454,0.6441981907439822,0.006668211967728399,0.010020036371214633,0.010835564059454222
40,GTEX-1JKYN-1526-SM-CGQGA,0.010461795100239188,0.009786098014791316,0.0008752084701304962,0.052316794276643874,0.009306156372356602,0.028283004259871805,0.02293725431171896,0.013266938235520977,0.012671571500746619,0.01193939187252672,0.0031153956011898756,0.0021247505794245074,0.011145433440927612,0.07478564905161716,0.0016690385598617942,0.0046819700437155595,0.0038685086776258093,0.01774606800005047,0.009729581743684133,0.02213314973581107,0.010827285039791674,0.031494880311795065,0.6111366443631265,0.008493828936336635,0.011646165031985293,0.0035574384685100957
41,GTEX-17HHE-2326-SM-793C5,0.06417110554883039,0.021725378031303057,0.0020366521204836186,0.0028016566841242985,0.038326844834440744,0.00446942152946101,0.009256276842236526,0.009795162496825141,0.1260029846869128,0.018307315815310286,0.06356822787453961,0.016828535001792364,0.03794721408068927,0.0068289594348595155,0.003963184495441896,0.004020097285308848,0.011900624714231953,0.012997830608660365,0.3760772579678998,0.007039109713737852,0.07678069526907748,0.0035626156526774653,0.0036192609099301534,0.04431643413847036,0.003931704673715846,0.029725449589039398
42,GTEX-14BMU-0726-SM-73KXS,0.003449409151935116,0.0026668850303411206,0.0009237864836547891,0.0014264260229927992,0.002452476429581536,0.0031081767496182002,0.0015583382082898375,0.00878187668606702,0.003212622287849517,0.002139448735269141,0.0023014180968260766,0.0017082343724939013,0.004478470995681289,0.002932922004061468,0.0074590482875092085,0.005144675111514576,0.007654109610562697,0.002371354752998202,0.0035199014582241177,0.0025869191817674574,0.002976859263404574,0.004033088467397051,0.002029857110815099,0.004070520407795443,0.0011119968170105578,0.9159011782763392
43,GTEX-18D9B-0926-SM-7LG4U,0.021369557742741286,0.016540736985562413,0.0008529593114994959,0.014962229649506447,0.019424945644128847,0.007613129187717971,0.014669660966753465,0.003941001430832428,0.021686018384406393,0.016040065691149883,0.00409705166505801,0.003394939688627031,0.017217480295829573,0.013682835541150911,0.001642631601675653,0.004998590877732605,0.006693133634894436,0.023523675352210217,0.019229947730558066,0.021812676146788668,0.016245130279493696,0.0078033943361352056,0.6634555488220272,0.029144193692808743,0.00874376252120278,0.021214702819508626
44,GTEX-1CB4E-0126-SM-7DHMX,0.010267286554191717,0.013016501397231204,0.0005363716943498512,0.15908833155013913,0.024666706994269587,0.028857984509278293,0.09824615538978566,0.008384867668938673,0.012473682196601181,0.03707626474407038,0.006203715341233245,0.004340074900752062,0.010726058745038155,0.017421907921832507,0.0026315510521723864,0.004579331327514536,0.006775300279276305,0.018283494031230862,0.009245787273533571,0.014202501535102753,0.011974500194799781,0.021650463276217016,0.0011541743703345085,0.006282300899680747,0.4700700110522189,0.0018446751002071757
45,GTEX-1JJEA-0011-R6a-SM-EXUS1,0.004188744115150086,0.003490454588323645,0.0020673900641871835,0.002250621218568089,0.003641272398540232,0.0022926601483256905,0.002429393428498897,0.9060330316777374,0.004556449835322188,0.002791788079989304,0.005779363907562859,0.005287769809006295,0.005613324782832452,0.0025409543824556997,0.0025467880894334428,0.0037544136379389324,0.00701007262803888,0.002930471749357896,0.004398134904674989,0.0027679826721302295,0.004789784244797038,0.0023727943702701606,0.0027292115048276025,0.008418105290243609,0.002196183984078579,0.0031228384877085825
46,GTEX-WY7C-1926-SM-4ONCI,0.05498140907954398,0.031832910275158756,0.001696981160367458,0.003911077839774322,0.07735240393270426,0.007785127043225721,0.019798015242196397,0.03588121877819488,0.12050041110262764,0.0343477378732945,0.050181802756944484,0.02786577234790287,0.07986911278798915,0.0043710478027857635,0.004476573846208309,0.0045278113477594415,0.022094948880151816,0.020877287173955067,0.12006482160644064,0.013901422295573182,0.10415300672707772,0.005701783330238206,0.004620729414946251,0.06646421300974423,0.016774002924420307,0.06596837142077472
47,GTEX-13JVG-0226-SM-5J1MW,0.04925176249711787,0.037844857203155,0.001094718704013559,0.0370930350675474,0.13103212553530622,0.009471426810244677,0.10979880743633956,0.009861493508194985,0.07906511683463617,0.09762090083731215,0.013797805888570162,0.011542987449748432,0.03065544812705753,0.017975943569887562,0.003876409007613709,0.0064901356735946845,0.007251838294373358,0.05438454941704522,0.06068913518278948,0.019437993466068077,0.0399769419694497,0.010623938381317467,0.0030571198787198925,0.029598614360990542,0.12652280463153615,0.0019840902673703485
48,GTEX-11PRG-1526-SM-5HL6Z,0.04649566252819792,0.03566256748714226,0.000992473331322022,0.03813559523405469,0.08188603551473266,0.010292507236705077,0.08038166069866506,0.015964712483206786,0.06282179223831427,0.07298520454175082,0.015654266715912073,0.009659989636909937,0.03526078235351721,0.017238714095247108,0.007208251971604711,0.005450545866917153,0.012526567025743321,0.05194886494423854,0.06762259013748816,0.023794821441506915,0.04256538057563546,0.024575656088882698,0.005671203938931519,0.028430528888267245,0.061951529788888696,0.14482209523621778
49,GTEX-14C5O-1726-SM-5RQI9,0.07983441643723414,0.03863186079523679,0.0016212822701834652,0.004927352197140815,0.0928004241089055,0.0040402405310007985,0.02692948261460291,0.02249456588322308,0.1409014073009287,0.04386952966657274,0.04971621421014331,0.03225086553584949,0.06232989201943373,0.005143809325316337,0.003992838786736146,0.00600824380370025,0.02043668741612453,0.029900864995801992,0.1406128673355097,0.01284612950777002,0.10221214458533572,0.004029246339812535,0.0027099056075615136,0.04770667835749689,0.020833062123913018,0.003219988244465841
50,GTEX-T2IS-0011-R11A-SM-32QPC,0.00654799726446402,0.004710942601270657,0.0014526476332576035,0.0015613480224351134,0.0037710608815783924,0.0016160997552375394,0.0018865649058103053,0.8494453660099669,0.007182191057727102,0.0026524695969127976,0.005360129100053733,0.011132633513789358,0.009422394344797266,0.0026501534924753905,0.0024096253992271746,0.0032315572578281234,0.01432662334192976,0.003062392364327317,0.0059930532316340825,0.003051820409833546,0.008887816030822919,0.0018281839165688795,0.0026612610779543065,0.009948553891584272,0.0015434634618086633,0.0336636514367046
51,GTEX-Y3I4-1526-SM-4TT7K,0.06481400859788951,0.03322686453022925,0.0009821303322349317,0.11948191973925673,0.05473032937232865,0.0296862950975642,0.07204216342059985,0.005698742605453551,0.061389979201744306,0.04628747058205551,0.010222588758116413,0.01932391702166101,0.031241761392558066,0.02690606768079543,0.009909015184741722,0.007622699242173115,0.009943227632542007,0.08011489225314009,0.0612130558226118,0.04755246280295872,0.042475106301058295,0.035894863821132626,0.03614993238940617,0.03672071969810746,0.03428306234003594,0.02208672417960472
52,GTEX-TMMY-1026-SM-4DXTI,0.060134684586566046,0.03070651955976585,0.0016961771777943221,0.028601885550729976,0.049426938022643946,0.010941271208549732,0.04316008656893825,0.008364903623252448,0.09645912752395663,0.039407272589554176,0.024457223270183393,0.013638908860215234,0.044327416928764414,0.013521171604393062,0.006737189178049469,0.009486057581774374,0.015281748112999666,0.033569186559518564,0.23715092955492723,0.019564333519617363,0.0622006284739233,0.02159109505594965,0.008579999019200904,0.058988824284449605,0.01201494385571597,0.04999147772856651
53,GTEX-NPJ7-0011-R2a-SM-2I3GF,0.02236309974010348,0.015143779035425317,0.0014151311798448643,0.002002851334977192,0.031133485148978405,0.0028746856528129986,0.006626611548745405,0.6843758187517558,0.032465442918805494,0.013170948904188821,0.009212655769972286,0.005159459156100871,0.02796288696667114,0.0050057333886918505,0.002304940179189434,0.0068423485130777294,0.015426906113348963,0.008209092378702558,0.030644408568175113,0.004818137148972376,0.03212958904511785,0.0023765694824763022,0.002541820746605728,0.02467086585129063,0.006136935713021055,0.004985796762948378
54,GTEX-1MGNQ-0726-SM-DPRYH,0.03766444707916839,0.23455749492508493,0.001218140198671978,0.02629750091132677,0.024176771469271902,0.010944184113579662,0.028786262131860547,0.019680824767480606,0.029938453460213982,0.023459342419047027,0.006316498982467539,0.0034424554673620667,0.041109960104332016,0.05408254010780701,0.0033504584367106465,0.038541546642720234,0.02426471429418479,0.057791126821632566,0.023011368671303357,0.15682758670972385,0.045205480983506616,0.030978287848644245,0.007145481524840297,0.019104290486810095,0.00968224705230698,0.042422534389941896
55,GTEX-1CAMR-1026-SM-7P8QI,0.029969909785892035,0.020059562058914328,0.0012722486033812234,0.004420159199653202,0.03418956616228795,0.41501138775342256,0.009725449130500897,0.04805366475606949,0.05924490094895871,0.016531028404833906,0.0633388190494788,0.011623263479638888,0.04461173810958881,0.00651254799878268,0.002204216601363161,0.007355342130571235,0.02277507226470129,0.013334942558797138,0.06239908616819474,0.01544476496728951,0.06196228593276327,0.00947122955801141,0.004871427718488728,0.024814387078635137,0.006121938987906672,0.00468106059187427
56,GTEX-1A32A-2826-SM-72D5S,0.07634959149881176,0.053812909489512416,0.0028860628665476934,0.006873437993718619,0.05454402734454256,0.0044638470794017,0.016824309011319153,0.028242467232214255,0.1026466601988482,0.029437729349109286,0.03422453089878358,0.02114305553926595,0.07034208259463713,0.009269374136857314,0.008584969311717174,0.023563215938397084,0.054586024360633395,0.03273905986078628,0.13626509286171049,0.024724019852434557,0.11803980320202719,0.0050267546327244445,0.00871765132662918,0.06122748724373943,0.006595905005136828,0.008869931170494238
57,GTEX-17F9E-0626-SM-79ON5,0.05219882585362392,0.25317551849610986,0.0013520656966630822,0.006619462979792132,0.040708486340052745,0.004549347619016737,0.017682021896864904,0.016422726837045952,0.05635099508657235,0.024988808892359625,0.009806373401724472,0.004201709601570461,0.05064159955940128,0.029942574217150814,0.004073201336415892,0.03811884923082963,0.0196320901429858,0.05699347968257655,0.04955078266301567,0.11651141393647033,0.06462916948776658,0.013217241498692673,0.004810988923975048,0.03509499648807254,0.0047755672093224505,0.023951702921928546
58,GTEX-1C64O-0526-SM-793D6,0.07209713411820147,0.021723096462806873,0.00221221242691923,0.0037151941215047006,0.0345032808826006,0.0033590652787835185,0.010737931195303458,0.010159301564666288,0.11977222639636728,0.018241134934719117,0.06253617152739548,0.04651816908240229,0.036602053389203304,0.00996469434700824,0.0036083911874712727,0.0038774783569683856,0.008237374126901618,0.017196245467266204,0.33079672628486556,0.008757827065834228,0.07539211677278003,0.003666070892035986,0.009574283710025102,0.07812362233633069,0.0033564993102955993,0.005271698761343436
59,GTEX-14E6D-0926-SM-5S2QV,0.014408423152696234,0.0070579956662276825,0.0036834319444970167,0.005208149577028935,0.0100979890301831,0.004591710083509027,0.006568024907496329,0.010140252985981122,0.014184281102403894,0.007193687800497384,0.7220918193421063,0.07873223990741565,0.008850079139666902,0.0047750326268719495,0.004527381705751,0.006359020847697374,0.00917256267893794,0.007378297876596926,0.016579037831226547,0.006190054483755458,0.012476483559229513,0.004892745913438015,0.004385404931466292,0.011312575362357585,0.004607738906267631,0.014535578636694203
60,GTEX-1E1VI-2726-SM-7MXVH,0.02668975363160059,0.15759085735397438,0.0013553466888949546,0.008815571274433512,0.02193306975207776,0.05020627591513491,0.006835988841748356,0.038358874072589685,0.020611302491187974,0.014223831103912099,0.008377332703616038,0.003807396046265302,0.037870627713304975,0.05963699040021528,0.0029014651138911654,0.024270817637512977,0.03720356886638823,0.023923103695681777,0.016810857675674955,0.20118499531552378,0.02005643884203606,0.024128991788843306,0.1109698169999371,0.03707501775499758,0.009998241110860858,0.03516346720969633
61,GTEX-1K9T9-1826-SM-CXZK2,0.005543944989762315,0.0066871711540068815,0.0007345641784658175,0.04542922632587332,0.00652426959972429,0.026637232931379186,0.020157934914903683,0.004092061887119819,0.005141462233744401,0.010078130085182307,0.0030105904815192716,0.0020898116782261627,0.005856547433046394,0.017821494235538766,0.0705501135601636,0.664148157602653,0.005667739130953122,0.011402433481573977,0.004549460639010739,0.012011491392766123,0.005038151550233238,0.028059298862820978,0.0023877864237397987,0.004853938353654599,0.009781211649098486,0.0217457752248397
62,GTEX-15RIF-1126-SM-7KUG2,0.059680414388768026,0.025984405848420718,0.0019040228763699029,0.0032178000975502065,0.06049454620612477,0.004683016277502591,0.011937951733360697,0.051236976035931754,0.14416060147439938,0.02350288879963807,0.069047238313596,0.034444405067279256,0.06621321748062298,0.0035812505043302974,0.0024208772790454986,0.0031697033413923743,0.022122716872692703,0.01722515506345472,0.2029316555987128,0.011665629606253993,0.08578630809215823,0.019727476823076576,0.004177077736338471,0.058751600459726036,0.008390787603345589,0.003542276419908287
63,GTEX-1J8QM-2626-SM-CYPSM,0.09699535548216803,0.035575422135868486,0.0011867752998709876,0.015281671992522925,0.06583791831063893,0.008289772743205526,0.03207276579108747,0.05430765980235227,0.07981643294522231,0.03457329858966316,0.027368173372005172,0.05865123930988227,0.0589609958363099,0.007532941584871144,0.009418453885960939,0.010097275433388333,0.020146406530709222,0.02890499501070762,0.08774443682306801,0.017472300640827804,0.16227391033754157,0.00827443549114363,0.007310447230151319,0.04293000390845051,0.02498097900408415,0.003995932508298322
64,GTEX-144FL-2626-SM-5TDCW,0.05379981542963407,0.03588105812985171,0.0014178695172365108,0.003812666607806028,0.09353094662694338,0.004545128988022452,0.02570752423950918,0.08948937453231423,0.10677492751222803,0.04336223879272412,0.043863244910645624,0.0191347072792263,0.06316842739008928,0.006058267058422474,0.004537542308860498,0.008865937346667912,0.03152925435268397,0.0248053469923103,0.09302115694540576,0.012914959507235386,0.07793063232841034,0.0056151184514393925,0.004998057693375008,0.05562495262259885,0.0775796516182427,0.012031192818116458
65,GTEX-1EH9U-3226-SM-7MKGR,0.014726027602648071,0.011308834991757572,0.0011258269006149035,0.0018972053163326366,0.014863480630543614,0.001996900170537134,0.004449569783767039,0.11095943078762982,0.017423286487638242,0.00829310069331982,0.014636671458889873,0.014506854139643194,0.01863621070981403,0.004683423377510435,0.007292782581506324,0.00578739895431339,0.6566901218085908,0.0076774237486418985,0.01595384690880676,0.006560548108544834,0.015906146907702416,0.004807063153531993,0.004034095872040948,0.013743373539632795,0.0032335059512919955,0.018806869414749634
66,GTEX-1B97J-1226-SM-7PBZR,0.0055921710043975465,0.0026376857772139745,0.0012803454577780542,0.0015706593691266878,0.004730079442023034,0.0015008141151986306,0.002439703769551469,0.004018843925612814,0.006385271947931588,0.0030679760622266297,0.0670768983202141,0.8646724080697965,0.0032979922485151508,0.001551976619207893,0.0014584272639100136,0.0017304055484253088,0.0018383484725414756,0.0024424328580819783,0.005310475767263029,0.0019019197129219456,0.004909384997052039,0.0015555103324555789,0.0014437363774815833,0.003973599830251044,0.0022040518066476574,0.0014088809041744796
67,GTEX-148VJ-0011-R3b-SM-69LQJ,0.007009917474477647,0.004674808876268753,0.0026413874575511517,0.0029409265830232455,0.005816632074783007,0.002894633461991409,0.003255697375162479,0.8590908727665219,0.008112361729944182,0.003937950203820581,0.013667285804939474,0.011081530396290451,0.008868778835295675,0.0030600093258359145,0.0035445174846150803,0.004241897856789417,0.008037591522347894,0.00404676466635905,0.008186014086570612,0.003734541464912575,0.007785009563540092,0.0030637312549811136,0.003393436222731522,0.010022477016188564,0.003112491466460772,0.0037787350285973954
68,GTEX-13NYB-0926-SM-5IFFA,0.004521750810128542,0.007969681915252783,0.0007301251265216952,0.1057920475478842,0.006445450421624503,0.047361688306103544,0.026804969813088053,0.0016325812224232729,0.004383501770234154,0.011252831068773363,0.0011308423927791612,0.0008131128541015045,0.005387272523861144,0.09016748904069548,0.0022186711846069566,0.0030102771426187237,0.002919225272155111,0.017727212951708298,0.0033197551235970503,0.023229988339770708,0.00405570742350211,0.03478181003897685,0.5588074260826464,0.0049710949106469915,0.027681485774230716,0.0028840009420686755
