i_doc,doc,Topic 1,Topic 2,Topic 3,Topic 4
0,GTEX-1GZ2Q-0011-R6a-SM-9OSWM,0.00019904864915435707,0.3834701906875745,0.5314270920539176,0.08490366860935361
1,GTEX-RU72-0011-R5A-SM-2TF6U,0.0001333425933434936,0.3775625298943365,0.540530583579091,0.08177354393322896
2,GTEX-WHSE-0011-R3A-SM-3P5ZM,0.00014474964983552462,0.35404730694147396,0.5731783717096769,0.0726295716990134
3,GTEX-14PQA-0011-R1b-SM-6EU1G,9.785192909828859e-05,0.39623081935848214,0.48923048302772826,0.11444084568469139
4,GTEX-13CF2-0011-R1a-SM-5LZY1,0.00021782278461927128,0.36058772818261875,0.5563441728955584,0.08285027613720357
5,GTEX-1B8L1-0011-R10b-SM-7P8Q4,9.131907350606961e-05,0.30122331500672245,0.6397542857127617,0.058931080207009844
6,GTEX-1445S-3026-SM-5O9BR,0.013939546826289806,0.35036800715790684,0.5614559086729517,0.07423653734285156
7,GTEX-1B8SF-0011-R8b-SM-7P8SX,0.0005365356096332605,0.3258702410753768,0.5923835552378429,0.08120966807714704
8,GTEX-15ER7-0011-R7a-SM-6M46N,8.582584103649712e-05,0.2751737389025418,0.6718999891973546,0.05284044605906707
9,GTEX-14ASI-0011-R5b-SM-6EU2M,0.00017784213948603318,0.31483019219396036,0.6140926930387951,0.07089927262775858
10,GTEX-OHPN-0011-R1A-SM-2I5GB,0.0071201305108113955,0.3149328003500762,0.5586674514119458,0.11927961772716648
11,GTEX-11DYG-0011-R5a-SM-DO928,0.00012205733053259058,0.29663994405371885,0.6514047018342907,0.05183329678145783
12,GTEX-1B933-0011-R10b-SM-9OSVN,9.262996715627134e-05,0.3271904200538797,0.6121847121553032,0.06053223782366075
13,GTEX-1IKK5-0011-R5b-SM-CL55B,0.0002161387985891138,0.3589876744162404,0.5610968114754548,0.0796993753097157
14,GTEX-1IY9M-0011-R7a-SM-D4P49,0.00010223880685743685,0.29564755174216883,0.6487812882121986,0.05546892123877513
15,GTEX-ZE9C-3026-SM-4WKHB,0.00012880868055100298,0.3415476073948503,0.5906908987671644,0.06763268515743434
16,GTEX-1MJK2-3026-SM-EV7A5,7.364529829871611e-05,0.40210669561832807,0.4341270188405693,0.1636926402428038
17,GTEX-144GL-0011-R11b-SM-5P9F6,7.787260506571966e-05,0.39940158536918985,0.43184292890070214,0.1686776131250424
18,GTEX-13FXS-0011-R9a-SM-5K7UI,5.4364238810213646e-05,0.387003285339351,0.5378536283325414,0.07508872208929726
19,GTEX-11ZVC-0011-R1b-SM-5BC6M,0.00016953015390135318,0.40137478924215103,0.4791946949362814,0.11926098566766624
20,GTEX-P44G-0011-R7A-SM-2I3F9,0.00017882283680681642,0.30418588249665346,0.6356700579560439,0.05996523671049588
21,GTEX-14C39-0011-R3b-SM-5YYA3,0.00011497416572562838,0.3886307542186403,0.5075645827018487,0.10368968891378537
22,GTEX-1GF9V-0011-R10b-SM-CKZNP,0.00010042946725396833,0.2837712753338501,0.6645658889353949,0.05156240626350104
23,GTEX-NPJ7-0011-R9a-SM-2TC5R,0.000814226555773654,0.35359250610105397,0.5620705681154724,0.08352269922770003
24,GTEX-1313W-0011-R7b-SM-5DUWL,0.0001381695734557044,0.2770405251964161,0.6769629859639393,0.04585831926618891
25,GTEX-13QJC-0011-R8b-SM-5S2U6,0.0005495926799432212,0.354118829360574,0.5033624271775561,0.1419691507819268
26,GTEX-Z93S-0011-R7b-SM-4RGNK,0.001458057139163125,0.28119031729447624,0.6618946707074029,0.055456954858957776
27,GTEX-1HSMO-0011-R2a-SM-CL553,0.00045233807235151653,0.378145834167126,0.5347580536221935,0.08664377413832892
28,GTEX-1B996-0011-R10b-SM-CJI3T,0.00010749588651333663,0.3251690722131188,0.5807219794804586,0.0940014524199093
29,GTEX-1B933-0011-R2b-SM-7IGNM,9.206119708640726e-05,0.44232062020474755,0.4553419311419466,0.10224538745621937
30,GTEX-1GZHY-3026-SM-7MXVA,0.00012006545160712203,0.399666968833512,0.4385905079119222,0.1616224578029588
31,GTEX-131YS-3126-SM-5KLYT,8.34690645818845e-05,0.3020509141358494,0.642266463180129,0.055599153619439554
32,GTEX-WL46-2826-SM-3LK81,7.642985168038554e-05,0.41250706823325867,0.423553683616764,0.16386281829829716
33,GTEX-13G51-0011-R1a-SM-5LZYR,6.158109721323165e-05,0.40928564751296836,0.5072949231012398,0.08335784828857862
34,GTEX-1HR9M-0011-R5a-SM-ARU72,0.0006088092023848935,0.41267174778092214,0.45612773900691583,0.13059170400977713
35,GTEX-11GSP-0011-R5a-SM-57WBE,0.00013240922052881778,0.3320410871499073,0.583963002960566,0.08386350066899788
36,GTEX-16YQH-0011-R10b-SM-7LT8U,9.3536808718858e-05,0.3456081014710016,0.5782871075329242,0.07601125418735535
37,GTEX-13IVO-0011-R10a-SM-5LZY3,0.0003270040722441381,0.3508620873321511,0.5627068678848288,0.08610404071077607
38,GTEX-13VXU-3026-SM-5LU3K,7.447415912653774e-05,0.39911748400217134,0.4292239292534456,0.17158411258525647
39,GTEX-1HGF4-0011-R5b-SM-CM2ST,0.00012505066365047372,0.35375391275183765,0.5551919750686752,0.09092906151583663
40,GTEX-1EN7A-0011-R6b-SM-9QEHW,0.0018169825758272242,0.3863260889332553,0.5060525085409113,0.10580441995000614
41,GTEX-1B8SF-0011-R6b-SM-7MXUD,0.00011607467591040256,0.3523027544351269,0.5587100642258988,0.08887110666306398
42,GTEX-13JUV-0011-R1a-SM-5LZY4,8.104891695563703e-05,0.4024274798331456,0.5073444376492658,0.09014703360063296
43,GTEX-16YQH-0011-R5b-SM-7938U,7.724084169324014e-05,0.30086725811398,0.6392768740234059,0.05977862702092075
44,GTEX-12WSC-0011-R9a-SM-5GU4U,9.726529876070239e-05,0.36190553368242995,0.5454119936587362,0.09258520736007318
45,GTEX-ZDXO-0011-R2b-SM-4WKFG,0.00021799811030779855,0.35706065181079133,0.5820036546407067,0.06071769543819417
46,GTEX-12WSM-0011-R11a-SM-5DUX8,5.772381661492061e-05,0.4240236023972186,0.41069432198112604,0.1652243518050404
47,GTEX-13FLV-0011-R10b-SM-5LZZ2,7.322763394440647e-05,0.3359837969158998,0.5966269135404118,0.06731606190974396
48,GTEX-1PIIG-2826-SM-DTX7O,0.00016358468036920988,0.3988591208116602,0.43752397269104437,0.16345332181692634
49,GTEX-14JIY-0011-R8a-SM-6AJAP,0.00022886053570746545,0.38362241834279587,0.5242225161605067,0.09192620496098994
50,GTEX-ZAB4-0011-R9a-SM-4SOKG,0.00013980513448384705,0.6045879036120811,0.3427049214172856,0.05256736983614939
51,GTEX-1GZHY-0011-R11a-SM-C1YRQ,0.00019130354816675806,0.37831683769567853,0.4446369854403913,0.17685487331576336
52,GTEX-18464-0011-R10a-SM-72D6X,6.567951169935434e-05,0.344354030210622,0.5910206641525813,0.06455962612509748
53,GTEX-145LS-0011-R5a-SM-5SI65,0.0004288628076075352,0.3156375419737889,0.6150111579018739,0.06892243731672962
54,GTEX-13N1W-0011-R4a-SM-5MR52,0.00014132958544922237,0.3460685164723141,0.5718062060455694,0.08198394789666713
55,GTEX-X4XY-3026-SM-EWRM9,0.00047160121995288114,0.26186014432898147,0.6742747226595153,0.06339353179155048
56,GTEX-11GSP-0011-R1a-SM-9QEJ3,0.00025184918494528213,0.3743829012274528,0.5444675247479537,0.08089772483964816
57,GTEX-11DZ1-0011-R8b-SM-DNZZI,0.00017925535008896424,0.35117029133482836,0.5488077532339116,0.09984270008117097
58,GTEX-11EMC-0011-R8b-SM-DO91Z,0.00339141328793615,0.2467947187481186,0.7085955196823976,0.04121834828154759
59,GTEX-13OW5-0011-R6b-SM-5O9BW,0.0002763019103084263,0.4028136712386727,0.46709082116109774,0.1298192056899212
60,GTEX-17EVQ-2826-SM-7IGQK,0.0008765088923693313,0.32900105995342616,0.5946011790226995,0.07552125213150508
61,GTEX-1EN7A-0011-R5a-SM-9QEH6,0.004515982121354464,0.4235517752600041,0.4784176628390584,0.09351457977958305
62,GTEX-13N2G-0011-R2a-SM-5MR4Q,7.594213748103102e-05,0.4516208520554683,0.4559361101536498,0.09236709565340086
63,GTEX-1JJ6O-0011-R11b-SM-EXUS2,0.00011642909239003893,0.42997326392894786,0.4269238057325685,0.1429865012460936
64,GTEX-15CHQ-0011-R1a-SM-COH27,0.00042272557322070814,0.3908977352581948,0.5000822614357434,0.10859727773284109
65,GTEX-1H3NZ-0011-R6b-SM-A9G1N,0.00013380284873486186,0.3787067131302746,0.515314553372063,0.10584493064892764
66,GTEX-1F52S-0011-R7b-SM-9QEH8,0.0007010772402894818,0.3967614175363585,0.5011111610597135,0.10142634416363862
67,GTEX-1H4P4-0011-R1b-SM-CL54V,0.0004353689799084583,0.2660292951830773,0.6899841958643255,0.043551139972688835
68,GTEX-14ABY-0011-R9a-SM-5PNZK,5.347826120132248e-05,0.34272761066464025,0.5859176486931844,0.07130126238097406
69,GTEX-Q2AG-0011-R11A-SM-2HMKZ,9.578380688530837e-05,0.4253997903417894,0.41671954993393495,0.15778487591739054
70,GTEX-14BIN-0011-R11a-SM-5SI79,9.347725567221522e-05,0.4015257802384812,0.4276939322648861,0.17068681024096055
71,GTEX-WZTO-0011-R4A-SM-3NMC7,0.00010215327229712573,0.3366888379862152,0.6031691196937216,0.060039889047766005
72,GTEX-17MF6-0011-R5a-SM-731BA,0.00013906773606379148,0.4393375907510714,0.4603178829043635,0.10020545860850129
73,GTEX-147GR-0011-R2b-SM-5S2RQ,0.00036585867228408067,0.3777490498982013,0.554992169249554,0.06689292217996079
74,GTEX-13CF2-0011-R11b-SM-5LZXO,7.33747710575074e-05,0.3965528353245014,0.4310619768745057,0.17231181302993534
75,GTEX-14ABY-0011-R5b-SM-5SI7B,0.0001337760176469822,0.3035458121389459,0.6273619384274494,0.06895847341595772
76,GTEX-16XZZ-0011-R9b-SM-7DHKX,0.0003293626245906283,0.38055203616057354,0.5132590825357166,0.10585951867911922
77,GTEX-1E1VI-0011-R4b-SM-9QEHV,0.0011280968009448546,0.3228592933555432,0.610795115755009,0.06521749408850308
78,GTEX-13OVJ-2826-SM-5L3GW,0.005536499636993455,0.34041197767145315,0.567286136185121,0.0867653865064324
79,GTEX-WHSE-0011-R10A-SM-EYYVG,0.00012220392750885415,0.3455443968452266,0.5834307285337234,0.07090267069354118
80,GTEX-15SHU-3026-SM-6LPIB,0.00017488785531046062,0.5170158505613458,0.355532139839693,0.12727712174365072
81,GTEX-1C6VR-0011-R6a-SM-7MXU8,0.00011497654089206758,0.3546934674013705,0.5471721486057164,0.09801940745202108
82,GTEX-WWYW-0011-R5A-SM-3NB3E,0.00014153857642029615,0.32369584615191377,0.6011822766963645,0.0749803385753014
83,GTEX-1IY9M-0011-R9b-SM-D3L8J,4.6952666964050836e-05,0.34596841650273474,0.5889976072890765,0.06498702354122482
84,GTEX-1F75B-0011-R5a-SM-9QEHC,0.0003879528981869442,0.41036077962411593,0.4098340124115123,0.179417255066185
85,GTEX-1GN2E-3026-SM-9WG6I,0.00010508336191618465,0.32124509924494676,0.6152199402095068,0.06342987718363002
86,GTEX-13FHO-2926-SM-5L3ES,0.00018053104014896032,0.3895685175245568,0.4429791655695039,0.1672717858657903
87,GTEX-ZVZQ-0011-R11a-SM-51MS6,0.0001074571955855329,0.41019838898002503,0.4273106955314041,0.16238345829298526
88,GTEX-NL4W-0011-R5a-SM-2I3GD,0.00033851881909634517,0.32197333359247926,0.5728012973302863,0.10488685025813803
89,GTEX-T2IS-0011-R3A-SM-32QPB,8.75546925381705e-05,0.36375737491034665,0.5578731108241348,0.0782819595729804
90,GTEX-1A3MX-0011-R8a-SM-7P8PI,0.0016922132195497698,0.3954070374752677,0.43267354753796916,0.17022720176721345
91,GTEX-Y8DK-0011-R8B-SM-EYYVQ,0.0005950817881800828,0.3392101273799801,0.5830771805896128,0.07711761024222717
92,GTEX-ZZPT-3026-SM-5GZXH,0.0001722103823242414,0.3526528193201109,0.5367146490301445,0.1104603212674203
93,GTEX-12ZZX-0011-R10b-SM-5DUWK,6.649258394875257e-05,0.3142874305368167,0.6197666844706448,0.06587939240858978
94,GTEX-1ICLZ-0011-R8b-SM-ACKX4,0.001157247178638957,0.40019002219592475,0.5168392486831681,0.08181348194226827
95,GTEX-13FLV-0011-R6a-SM-5KLZ4,6.469663308255794e-05,0.3633968682621434,0.5496744461575936,0.08686398894718035
96,GTEX-14ASI-0011-R1b-SM-5S2TY,8.338211906098031e-05,0.3910043297128928,0.5385658817057597,0.07034640646228663
97,GTEX-QMR6-0011-R2A-SM-32PKV,8.657025560989067e-05,0.4370557252568003,0.4384696837889027,0.1243880206986871
98,GTEX-13G51-0011-R7b-SM-5LZXG,0.00011285771929425104,0.2925978747449188,0.6584832654454081,0.048806002090378824
99,GTEX-1C6WA-0011-R5a-SM-9WG5X,0.00017518838833041592,0.23906254267805147,0.7192727517121416,0.0414895172214766
100,GTEX-XAJ8-0826-SM-47JY6,9.125346267133057e-05,0.12536798459262594,0.33261746048197655,0.5419233014627262
101,GTEX-15RIG-0226-SM-7KFTL,8.255571240662744e-05,0.08724325039058275,0.3365835817468252,0.5760906121501855
102,GTEX-12KS4-0326-SM-5EQ41,7.529701876007929e-05,0.11168199520208762,0.3819499225983675,0.5062927851807847
103,GTEX-13CF3-2426-SM-5IFGX,6.793316972462977e-05,0.08207442660146629,0.3107966730873258,0.6070609671414834
104,GTEX-15G1A-0008-SM-E76Q5,7.576529211540676e-05,0.19936498059599464,0.31649840296477405,0.48406085114711594
105,GTEX-12WSJ-1826-SM-5GCNY,0.00010270465782170356,0.0963767597850129,0.31800674226702574,0.5855137932901398
106,GTEX-R53T-0008-SM-48FEW,7.959415441255747e-05,0.2029814570558532,0.3131379644418614,0.48380098434787294
107,GTEX-QXCU-0008-SM-48FCH,6.917874253702272e-05,0.2062346644133096,0.3164400957985951,0.47725606104555823
108,GTEX-ZVZP-0008-SM-51MSX,0.0002149061948986302,0.19442763354368375,0.3348897777422101,0.47046768251920756
109,GTEX-V1D1-2226-SM-3NMAX,7.827491001641691e-05,0.21819152459569643,0.2993695477542178,0.48236065274006934
110,GTEX-1LKK1-2626-SM-DKPQE,0.00033302464832999284,0.07505888058116794,0.31250442099868314,0.612103673771819
111,GTEX-16MT8-0426-SM-7KUEY,6.313542362274491e-05,0.1067064146306143,0.31414641859769554,0.5790840313480674
112,GTEX-P4PP-0008-SM-48TDV,7.70836542380825e-05,0.19984947527579996,0.36193626171628873,0.43813717935367313
113,GTEX-1LB8K-0726-SM-D5OV2,6.91436095472909e-05,0.11100160835452849,0.39225169278082955,0.49667755525509466
114,GTEX-15SKB-2826-SM-6PAMH,0.00012492735985388385,0.10142849149839567,0.4010828390429542,0.49736374209879614
115,GTEX-17EUY-0426-SM-793BD,4.603807797686394e-05,0.06182482308732079,0.2469724559228669,0.6911566829118354
116,GTEX-YEC4-0008-SM-4W1YR,0.00010871390672035585,0.1737873765141463,0.3825882153278416,0.4435156942512917
117,GTEX-1H1DG-0126-SM-9WYU2,6.178788525278263e-05,0.07078161908439252,0.2975583060080086,0.6315982870223461
118,GTEX-14A6H-2026-SM-5Q5DD,0.0001072234545414099,0.13470620942503794,0.39251511674048384,0.47267145037993674
119,GTEX-1IE54-0126-SM-CMKHW,0.00012508175837320666,0.13918021775761028,0.30846352186304676,0.5522311786209696
120,GTEX-14XAO-1226-SM-6EU1C,6.595894369478904e-05,0.08608701713445571,0.3327214414501409,0.5811255824717086
121,GTEX-X5EB-0008-SM-46MU3,7.994860335934564e-05,0.19815271044954602,0.24940920771474173,0.552358133232353
122,GTEX-1MJK3-0726-SM-E6CJC,0.00014456243519181985,0.09754226274056249,0.4607414457409836,0.4415717290832622
123,GTEX-NL3H-0008-SM-4E3HU,7.522437354039447e-05,0.19688010472003364,0.33906486964315313,0.4639798012632728
124,GTEX-133LE-1826-SM-5J1MV,9.747510049436902e-05,0.11418657332855355,0.34282215456744747,0.5428937970035046
125,GTEX-12696-0008-SM-5TDBX,7.357664320102962e-05,0.1979542369852555,0.3263586110589606,0.4756135753125831
126,GTEX-14JG6-1426-SM-9WG7C,3.968064911559863e-05,0.06046587292676103,0.6299827597712763,0.309511686652847
127,GTEX-1LB8K-0226-SM-EWRNW,6.456714726444204e-05,0.07502980932205597,0.38099355564085174,0.5439120678898279
128,GTEX-15CHC-0008-SM-E9U4J,7.838115335823641e-05,0.19680501869165573,0.3653544001971418,0.43776219995784427
129,GTEX-XQ8I-0426-SM-4BOPO,0.000234793858153567,0.09832007976289239,0.3121618409064091,0.5892832854725448
130,GTEX-1CAMR-1926-SM-7EPI2,9.564689279939569e-05,0.11178205282642945,0.4511539455282217,0.43696835475254936
131,GTEX-ZT9X-1526-SM-5DUXD,6.743880140462666e-05,0.09767575851030534,0.3957241600143058,0.5065326426739842
132,GTEX-147F3-1726-SM-5SIAW,0.0001326289293821814,0.1551199002900549,0.3272730788610506,0.5174743919195123
133,GTEX-18QFQ-0008-SM-EAZD7,6.957689172697064e-05,0.19298372181095233,0.34807383519274315,0.45887286610457756
134,GTEX-ZUA1-2626-SM-5NQ92,0.00015462375941815371,0.14132861129943344,0.4582710834619793,0.40024568147916906
135,GTEX-18A7B-0008-SM-EAZBQ,7.100837663623527e-05,0.1911893908522477,0.33749592098857634,0.47124367978253967
136,GTEX-X5EB-1926-SM-4E3IW,0.00012639951016617454,0.12596361030300193,0.36987977870050076,0.5040302114863311
137,GTEX-13U4I-2226-SM-5LU5H,7.863861420981361e-05,0.16082079431744725,0.3662165642954021,0.47288400277294085
138,GTEX-QDT8-0126-SM-48TZ1,7.024359143459119e-05,0.116762484120859,0.25746393631705644,0.62570333597065
139,GTEX-1LG7Y-0526-SM-DKPQC,0.0037921200614156915,0.126095564205761,0.40767773469475643,0.4624345810380668
140,GTEX-1M4P7-0226-SM-DIPEV,0.00011382843167572892,0.17051748975892503,0.36781323838150903,0.4615554434278903
141,GTEX-12WSF-1626-SM-7KUG5,6.91622146290722e-05,0.12397110617569823,0.43608105755743737,0.43987867405223546
142,GTEX-XPT6-0008-SM-4B64Q,0.00011468167706433386,0.19515890777053563,0.2895724933389792,0.5151539172134209
143,GTEX-1JJEA-0326-SM-CNPOT,0.00016278334052753063,0.06628835737813779,0.37344735242565197,0.5601015068556827
144,GTEX-11GS4-0226-SM-5HL77,0.00010079947436069163,0.11166880423725396,0.4159138499228852,0.4723165463655002
145,GTEX-RVPV-0008-SM-47JYW,0.0001218980160159879,0.19020433784486074,0.3723367439334091,0.43733702020571424
146,GTEX-1GZ4H-0526-SM-9KNU9,0.00043295036528184246,0.1115985573437001,0.4080038538350142,0.47996463845600396
147,GTEX-1GMR2-0008-SM-EAZD1,9.885120874922887e-05,0.17756928516010356,0.4080978041100552,0.41423405952109205
148,GTEX-11WQK-0008-SM-5SI6T,8.68324753135895e-05,0.21115294217553415,0.2882078217785607,0.5005524035705916
149,GTEX-1JN6P-2926-SM-CL54D,0.00015270315105901837,0.15403821792497452,0.38953871446510874,0.4562703644588578
150,GTEX-QVJO-1626-SM-2S1QW,0.00033375365472846627,0.1172704208186918,0.3701051670935999,0.5122906584329798
151,GTEX-1QEPI-2626-SM-DTXF4,7.431332675691725e-05,0.12953099828671427,0.378608724043016,0.4917859643435128
152,GTEX-12BJ1-0008-SM-5TDBZ,8.364176435462744e-05,0.20924795361868073,0.36250579357662,0.4281626110403445
153,GTEX-11ZUS-0008-SM-5S2UO,9.68019013476945e-05,0.2122618395658117,0.3260560701431399,0.46158528838970064
154,GTEX-17HGU-0226-SM-7DHKV,8.403756127005883e-05,0.12010548611231421,0.3260097534704637,0.553800722855952
155,GTEX-1GN1V-0126-SM-9WPOS,0.00011733955787996324,0.12989796399506073,0.3269670697522457,0.5430176266948136
156,GTEX-16MTA-0008-SM-EAZC6,7.172795967062719e-05,0.19712065050574,0.3325679020554179,0.4702397194791713
157,GTEX-1KANB-0526-SM-E6CJH,5.5448339693187704e-05,0.08783305744197395,0.34663937972676395,0.5654721144915689
158,GTEX-WYVS-0008-SM-4ONDY,7.649535005570334e-05,0.1948856352139876,0.21340838940131904,0.5916294800346377
159,GTEX-13OVL-0126-SM-5L3GJ,6.853875060692204e-05,0.12627226164081604,0.45547889225153176,0.41818030735704526
160,GTEX-1211K-2026-SM-5EQ4Z,0.00015998562363338776,0.12004243096537623,0.3096316738339747,0.5701659095770156
161,GTEX-1J1OQ-0126-SM-D4P2N,9.038367178173594e-05,0.11436917340124325,0.3888577454141196,0.49668269751285543
162,GTEX-1E2YA-0126-SM-9KNUC,6.607205412696661e-05,0.09378326001248062,0.38649601073839235,0.519654657195
163,GTEX-14BMU-1226-SM-5S2OR,0.00022801663174511124,0.1259463436045734,0.2510830118930695,0.622742627870612
164,GTEX-132AR-0008-SM-62LDH,7.845908718367833e-05,0.19165497950350355,0.3598298238852717,0.44843673752404106
165,GTEX-16A39-0008-SM-EAZC9,8.122660798578102e-05,0.19690164748248,0.3464337913571347,0.45658333455239947
166,GTEX-18D9B-0526-SM-7LTAS,6.490212771443883e-05,0.12622200736665126,0.32445668643413983,0.5492564040714945
167,GTEX-X3Y1-0008-SM-4PR12,7.174132359135879e-05,0.18633866410029612,0.23764597835199106,0.5759436162241215
168,GTEX-1CB4J-0626-SM-7DHMP,9.579995910705804e-05,0.11814823848848523,0.28555646563450776,0.5961994959179
169,GTEX-1CB4E-0926-SM-7EPHT,9.7771831213145e-05,0.125977772382322,0.3778893710317753,0.4960350847546896
170,GTEX-1H4P4-2126-SM-9WYSL,8.363649444981093e-05,0.1177942130198864,0.4120099882824715,0.47011216220319235
171,GTEX-13JUV-2026-SM-5K7UA,7.019504074889126e-05,0.15806631506787808,0.31860375437301064,0.5232597355183625
172,GTEX-1HFI7-2326-SM-CGQFS,0.00014420017422757763,0.12322530086242423,0.316331678915271,0.5602988200480772
173,GTEX-1ICLZ-0326-SM-ARL82,0.00015012513793351466,0.10521208588039474,0.44615841806438705,0.44847937091728474
174,GTEX-11NSD-0008-SM-5Q5BC,8.853039316196857e-05,0.23803398473732112,0.2919448638668058,0.469932621002711
175,GTEX-117YX-2326-SM-5H12W,0.00012936901151721416,0.15511660314373543,0.29957872074379027,0.5451753071009572
176,GTEX-1HUB1-0426-SM-E9U4U,6.304443287930345e-05,0.174368500469421,0.23346181748263484,0.592106637615065
177,GTEX-1AMFI-0008-SM-EVYAV,7.043267183676511e-05,0.19064775980251836,0.360260215169882,0.44902159235576283
178,GTEX-1KAFJ-2026-SM-CY8ID,0.0005651544843931432,0.09594184081977566,0.36044461067695716,0.5430483940188742
179,GTEX-1F6RS-0126-SM-9MQKZ,0.0002716566203127896,0.11271732965230871,0.3798519727759928,0.5071590409513856
180,GTEX-18465-0126-SM-731BN,5.837278581925739e-05,0.10991110332083227,0.3984095434277004,0.49162098046564817
181,GTEX-1KWVE-1426-SM-E9TJO,6.924984868177046e-05,0.11526092457258155,0.39779668278272895,0.4868731427960077
182,GTEX-1122O-1026-SM-9WYSF,0.00019208101482771003,0.1280537419883931,0.3451021513600326,0.5266520256367466
183,GTEX-ZE7O-0008-SM-4E3JQ,7.865542247118552e-05,0.22371162590751315,0.2960262602789497,0.48018345839106596
184,GTEX-ZZPU-0826-SM-5GZX5,0.00013175444656384345,0.11156559252538711,0.34655647814312807,0.541746174884921
185,GTEX-ZWKS-0126-SM-5SIAA,7.74025047282888e-05,0.05864879331848365,0.36033078786575184,0.5809430163110362
186,GTEX-132NY-0326-SM-5IJBL,9.596939825278688e-05,0.1035625579237379,0.40460881505777474,0.49173265762023466
187,GTEX-1F75I-0326-SM-9YFLU,9.014283133965714e-05,0.17286878932537636,0.25068912617814443,0.5763519416651395
188,GTEX-1IDJF-0126-SM-CM2RS,7.321961555427188e-05,0.11138840996987474,0.31803025289094605,0.570508117523625
189,GTEX-XK95-0226-SM-4AT58,8.495493817931576e-05,0.09690640896480024,0.5360893240256498,0.36691931207137074
190,GTEX-OIZI-0008-SM-2XCFD,6.326885559937168e-05,0.21524745867189796,0.22985359630556776,0.5548356761669349
191,GTEX-1IY9M-2826-SM-ARU8H,8.471201583776172e-05,0.13557438401862124,0.38431365209637364,0.48002725186916745
192,GTEX-131XH-2226-SM-5DUXJ,5.090432234823152e-05,0.08659899817518177,0.3885035514492533,0.5248465460532167
193,GTEX-13X6I-0626-SM-5QGP9,9.183455388972475e-05,0.14242259422371073,0.30802698089233027,0.5494585903300693
194,GTEX-ZYFD-0626-SM-5E44E,7.252806873537149e-05,0.09371971602980887,0.5126414331208994,0.39356632278055637
195,GTEX-1GN2E-0426-SM-9MQKX,8.933573532157615e-05,0.06521563064073374,0.35626060414920274,0.5784344294747419
196,GTEX-12WSL-2526-SM-5GCNJ,4.5752980720408094e-05,0.06677954630125216,0.2836064969273673,0.64956820379066
197,GTEX-17F9E-0008-SM-EAZB5,6.138378172048011e-05,0.21018351455587997,0.2748803438870805,0.5148747577753191
198,GTEX-Y5LM-0926-SM-6LLJG,8.095671434010126e-05,0.12127885260781182,0.28596573872041325,0.5926744519574348
199,GTEX-1H3VE-0326-SM-9YFLH,5.421852195481946e-05,0.042598415869816844,0.2349419172246473,0.722405448383581
200,GTEX-1GL5R-1526-SM-7MKHO,0.00016305686168409782,0.18317398702086105,0.3618111059242379,0.454851850193217
201,GTEX-1RLM8-0726-SM-E6CRH,0.003801192420124788,0.14102695243001243,0.38217468592471177,0.47299716922515095
202,GTEX-1GF9X-0726-SM-7SB7V,0.057463730806998015,0.321803738982829,0.21509970812427037,0.4056328220859027
203,GTEX-P44H-1426-SM-E9U4O,0.006784801458826076,0.619732531564674,0.10706078428479199,0.26642188269170797
204,GTEX-15UF7-0926-SM-6M46F,8.683991885860982e-05,0.18839962861708517,0.33637228962411925,0.475141241839937
205,GTEX-12KS4-1026-SM-5FQTD,0.0001521398908013823,0.7049777337471168,0.09974485004032355,0.19512527632175816
206,GTEX-1H3NZ-1326-SM-9JGHI,0.00019497430816896446,0.2530830801637613,0.3758425933115319,0.37087935221653784
207,GTEX-13OW8-2326-SM-5L3I9,0.0008362118016948622,0.1788964089448306,0.36029915426950004,0.4599682249839745
208,GTEX-1NV8Z-2026-SM-E8VMD,0.010828486701744489,0.28254001031509357,0.2623349038487497,0.44429659913441216
209,GTEX-1HBPM-1526-SM-A9G3H,0.007606919443789859,0.49445749077778567,0.10667616182710932,0.3912594279513151
210,GTEX-ZLV1-0526-SM-4WWD4,0.00011240076556360626,0.1212304199480089,0.37608883358511275,0.5025683457013146
211,GTEX-RM2N-0726-SM-48FD5,0.00010300926867344667,0.16229369770757418,0.3414517622376044,0.4961515307861479
212,GTEX-13CF3-1726-SM-5LU9E,7.119505597852432e-05,0.7329485226085971,0.05907702179803732,0.20790326053738706
213,GTEX-ZY6K-0526-SM-5GZY9,4.389287255141936e-05,0.8099900479640817,0.05506267495263705,0.13490338421072984
214,GTEX-P4QS-0626-SM-3NMD1,0.00019289407501583294,0.1595779633144539,0.3460742599145371,0.4941548826959932
215,GTEX-1O97I-1826-SM-EXUS9,0.0044576750581327845,0.5766569586653936,0.1637454541417981,0.2551399121346756
216,GTEX-1RNTQ-1126-SM-E9TK9,4.7319648662484686e-05,0.7537479189381308,0.06041746077623387,0.18578730063697282
217,GTEX-1IKK5-1326-SM-AHZ2X,0.00015379386450529802,0.1499346338489315,0.37722799156911846,0.4726835807174447
218,GTEX-11P7K-1226-SM-5HL4X,4.140869975168166e-05,0.789537738495863,0.04010461860753754,0.1703162341968479
219,GTEX-14PK6-1126-SM-5YY93,6.519773884200917e-05,0.6904402798773912,0.053700977769941025,0.2557935446138258
220,GTEX-1IDJF-1326-SM-A9G2R,0.0001267351202324174,0.7408469566746179,0.06641444589803289,0.1926118623071169
221,GTEX-14BIN-2626-SM-5YY8U,0.0014506487029396012,0.6230751691482789,0.13219749147428353,0.24327669067449792
222,GTEX-NFK9-1226-SM-3LK79,9.583256995211808e-05,0.7528610093855452,0.0524650304083048,0.1945781276361978
223,GTEX-1AMEY-0326-SM-72D5T,3.90139620345294e-05,0.8105468883422,0.037790387832906565,0.15162370986285875
224,GTEX-1L5NE-1426-SM-DHXKV,0.0002063916913483255,0.11310267912487981,0.40474121431854454,0.48194971486522736
225,GTEX-17F9E-1026-SM-7DUF1,5.071012343393693e-05,0.7435975013325574,0.0576041629702739,0.19874762557373465
226,GTEX-1AX8Z-1826-SM-73KW6,6.734752023946353e-05,0.5730886003190345,0.11865802631783336,0.30818602584289273
227,GTEX-11ZTS-2726-SM-5EQLU,0.01097015848682154,0.633378977290105,0.13377306171127937,0.22187780251179423
228,GTEX-ZA64-0526-SM-5HL9I,6.779595230954071e-05,0.8146089378437107,0.04986191475848588,0.13546135144549393
229,GTEX-1JMLX-2126-SM-CL54B,0.00624245173756852,0.8085209148450797,0.060230293569217774,0.125006339848134
230,GTEX-OXRL-0726-SM-3NM9A,8.330003690857329e-05,0.8535389542029485,0.043932629880821326,0.10244511587932177
231,GTEX-1I1GR-1426-SM-CY8H8,0.004969977399897465,0.7225113962273039,0.12040469862560618,0.15211392774719243
232,GTEX-1NHNU-1726-SM-E76R1,5.176512595900112e-05,0.6642062783924866,0.08313083763182183,0.2526111188497326
233,GTEX-1GN73-1926-SM-9JGGS,0.0001672035381250948,0.2520421940728789,0.2907473867694185,0.45704321561957756
234,GTEX-YEC4-1026-SM-9WG7N,0.00010503927322101925,0.13213415164489184,0.34451820278878525,0.5232426062931019
235,GTEX-18QFQ-1026-SM-7LG6B,8.77642939500013e-05,0.12758444941997932,0.33156304031322137,0.5407647459728493
236,GTEX-1C6VQ-2026-SM-79OOH,0.02946075391284485,0.4881922311522867,0.13751682773000837,0.34483018720486014
237,GTEX-NPJ8-2026-SM-3TW91,0.0026566817381559046,0.21610057893541812,0.15246136410611436,0.6287813752203115
238,GTEX-1C475-0926-SM-7MKFI,0.00020662381889780665,0.135838756303761,0.36136799150276483,0.5025866283745765
239,GTEX-1211K-1026-SM-5EQ4B,5.032109662910376e-05,0.5261466822204718,0.05237776563200309,0.42142523105089613
240,GTEX-14PJN-0526-SM-68724,8.585766514049951e-05,0.13777037099169787,0.3552449633527815,0.5068988079903801
241,GTEX-XQ8I-1526-SM-4BOOH,0.00012142575019080224,0.1873338794954486,0.33431475106526604,0.47822994368909455
242,GTEX-1EKGG-1726-SM-7MXUP,0.0007126712384725256,0.1671066655060214,0.39717784919072835,0.43500281406477775
243,GTEX-1MCYP-1026-SM-DPRYB,8.833727664534469e-05,0.15700202003706756,0.33718094951068756,0.5057286931755995
244,GTEX-14C5O-1726-SM-5RQI9,0.011257107643689118,0.5554284897536002,0.09813790364841461,0.3351764989542961
245,GTEX-1L5NE-1326-SM-CY8II,0.0007242035254622229,0.6679938693649994,0.06820984010305513,0.2630720870064832
246,GTEX-1J1R8-1026-SM-CJI37,4.9218155390124015e-05,0.7612686707504392,0.05146026978149426,0.18722184131267625
247,GTEX-1497J-2126-SM-5NQB8,0.0009865156845877499,0.30984222799451566,0.10715451949307866,0.5820167368278178
248,GTEX-1LSVX-1226-SM-DHXJN,0.004028451888118273,0.17329715672207374,0.35847168359809806,0.4642027077917099
249,GTEX-ZAB5-0926-SM-5CVMV,0.00011851854288564566,0.21736842542990303,0.31945926208064473,0.4630537939465665
250,GTEX-13W46-1926-SM-5J2MF,0.00013635557880227776,0.15852888087019118,0.34637246419511075,0.49496229935589575
251,GTEX-1LGRB-1626-SM-CNNR7,0.00012897259404857252,0.15234541666428644,0.3402626516919828,0.5072629590496822
252,GTEX-ZVE2-1326-SM-5NQ94,0.0033742020223841147,0.14731133429202614,0.3971810163096827,0.4521334473759071
253,GTEX-146FQ-1026-SM-5LU8I,0.00010654096390624929,0.1985716045633128,0.3094712906876371,0.4918505637851438
254,GTEX-OOBK-0726-SM-3LK5Q,6.853706880365315e-05,0.7262397187256814,0.06664677113792537,0.2070449730675896
255,GTEX-17F98-1826-SM-7DUFK,4.5100277435805834e-05,0.7105165649054113,0.06138739192320672,0.2280509428939462
256,GTEX-13OVJ-1426-SM-5K7Z2,0.02657814475581964,0.5555548558522568,0.10691916815306775,0.3109478312388557
257,GTEX-13OVG-0626-SM-5IFEP,0.00010405256149863697,0.12261927349006249,0.372319776527602,0.5049568974208368
258,GTEX-1F48J-1626-SM-9WPOE,0.0010787443208586085,0.4626307723008443,0.13677085943651596,0.3995196239417811
259,GTEX-13W3W-1826-SM-5IJDE,4.5876723877437226e-05,0.7214051371781628,0.07246066371163712,0.20608832238632266
260,GTEX-1F5PL-1226-SM-7P8R5,5.115727702549895e-05,0.8613000043454431,0.03304513049228247,0.10560370788524891
261,GTEX-11TUW-1226-SM-5GU7C,0.0003067395744372752,0.5867979177135205,0.1328639381940871,0.28003140451795516
262,GTEX-14JG1-1826-SM-5YY9Y,0.0002298655303322022,0.6058022259592873,0.14220185005073288,0.2517660584596476
263,GTEX-ZV68-0926-SM-59HK7,0.0043364089498290105,0.17953831597429062,0.36515405606069107,0.45097121901518933
264,GTEX-18A66-1526-SM-72D6Y,4.6066482383673556e-05,0.7618906768038881,0.06753558384650095,0.17052767286722728
265,GTEX-YB5K-0726-SM-5LU8R,7.244181845919353e-05,0.6775946993866669,0.06593515989558406,0.25639769889928976
266,GTEX-ZEX8-1326-SM-4WWEW,9.402909946855155e-05,0.9128089984409372,0.02741185448227966,0.05968511797731465
267,GTEX-1PIIG-0926-SM-E6CQN,0.010698064690917155,0.6661449099608887,0.1383852270151959,0.18477179833299823
268,GTEX-11GSP-1726-SM-5A5LI,0.023526487786130274,0.49836766307677793,0.16960556499272852,0.3085002841443632
269,GTEX-Y9LG-0626-SM-4WWDH,9.37660916068259e-05,0.14976392567794866,0.38410527790990223,0.4660370303205424
270,GTEX-S4Z8-0726-SM-4GICB,6.457349770035353e-05,0.5866030337384757,0.08299489511054102,0.33033749765328296
271,GTEX-ZVZP-1626-SM-5GIDJ,6.313758065367678e-05,0.551403017809113,0.09064757800644581,0.35788626660378736
272,GTEX-17EVQ-1926-SM-7IGOF,0.0009894200023405594,0.11308896301973739,0.3912425330377504,0.49467908394017157
273,GTEX-1R9PM-1126-SM-E76OX,7.911727294713272e-05,0.5169477105473439,0.1511966210963177,0.3317765510833911
274,GTEX-1JMQJ-1026-SM-CNPP8,0.012571039564595361,0.8138290786862155,0.0653888850750403,0.10821099667414885
275,GTEX-1H11D-2126-SM-9OSXM,9.428595805003477e-05,0.11142417900447349,0.36947604845269144,0.5190054865847851
276,GTEX-P4PQ-0726-SM-3NMCR,0.00011368979125718562,0.6969111598002952,0.055927324058997266,0.2470478263494504
277,GTEX-WHWD-0926-SM-4OORY,0.00025360449838329806,0.1243694360046913,0.37124281492235983,0.5041341445745656
278,GTEX-11EMC-2226-SM-5A5JW,0.0077658752121377884,0.14631403959249276,0.3963919886412511,0.4495280965541186
279,GTEX-18D9A-0326-SM-7LT8L,5.2709534392415064e-05,0.7639491972563976,0.04446891521579988,0.19152917799341
280,GTEX-WYVS-1026-SM-4SOJW,4.441300725396492e-05,0.8182116981420668,0.05407468108170786,0.1276692077689712
281,GTEX-O5YV-1026-SM-3LK72,0.000221806219016132,0.12407642282830841,0.3804378396204251,0.49526393133225033
282,GTEX-1LGOU-0526-SM-D3LAO,6.645187701885998e-05,0.4379877284063384,0.17619565761752518,0.3857501620991176
283,GTEX-PSDG-1326-SM-48TD2,0.0001280223088427629,0.13199013072654536,0.3483951406800971,0.5194867062845148
284,GTEX-11DYG-1326-SM-5N9DO,0.0006352922899637869,0.19446329268038662,0.3026748435059493,0.5022265715237003
285,GTEX-1AMFI-0326-SM-731CU,5.901094849063661e-05,0.8147299419776454,0.042121396357280495,0.1430896507165834
286,GTEX-1HKZK-1426-SM-A96U1,0.00010185040686166743,0.12870028171131978,0.33835452460224535,0.5328433432795732
287,GTEX-W5WG-1626-SM-4LMKG,9.254216144313273e-05,0.14736609603650627,0.33906367746396504,0.5134776843380856
288,GTEX-OHPM-0726-SM-3LK7A,5.250249669052752e-05,0.8455518500713304,0.032928710482582696,0.12146693694939648
289,GTEX-15SB6-0926-SM-7KUFM,3.9910477060515646e-05,0.8697431520761814,0.04203022335038097,0.08818671409637713
290,GTEX-1B8KZ-0826-SM-73KYB,4.210741289219448e-05,0.9295481460978505,0.016904613306987348,0.05350513318226983
291,GTEX-1JMQK-1826-SM-CY8I1,0.001234760510701498,0.1674855647299899,0.13310221544249107,0.6981774593168175
292,GTEX-XUW1-1526-SM-4BOOY,5.453600522054734e-05,0.7782260067176602,0.04183795433896351,0.1798815029381558
293,GTEX-1B97I-1026-SM-73KVC,4.885097983414513e-05,0.6861322064136341,0.07111984984085283,0.24269909276567891
294,GTEX-1MA7W-0426-SM-E9TJ5,0.00011397709301948305,0.17411660448090782,0.32904664852019594,0.4967227699058769
295,GTEX-13X6H-1426-SM-5SI91,5.071588926573801e-05,0.8136801302046867,0.04205308536002924,0.14421606854601834
296,GTEX-145LT-1326-SM-5O9AQ,0.00045584171220404277,0.6654011012627924,0.0853794497583229,0.24876360726668073
297,GTEX-13FH7-0526-SM-5IJF8,9.096413420828884e-05,0.17893924346207074,0.34412279506813753,0.47684699733558344
298,GTEX-PLZ5-0826-SM-3P5ZW,0.00011153807581877375,0.4604277099184563,0.11622094673961668,0.4232398052661082
299,GTEX-14E7W-1926-SM-5S2R9,0.00020830444783065695,0.6883197915512915,0.11184857112171558,0.19962333287916229
300,GTEX-1HGF4-2826-SM-ADEII,0.11680319573442258,0.3075363584100782,0.13473418230914122,0.440926263546358
301,GTEX-1399U-0626-SM-5J1NZ,8.421850492716345e-05,0.29580177895952725,0.14173329491446335,0.5623807076210822
302,GTEX-1R7EU-0426-SM-EVR4H,9.676408533240161e-05,0.560151220717007,0.07786564921676843,0.36188636598089224
303,GTEX-R55E-1126-SM-48FDZ,0.009118186989812975,0.6436429056322325,0.11283145299052699,0.23440745438742752
304,GTEX-PLZ6-0326-SM-3P61J,0.0001544424634482375,0.4779432524822477,0.12945253405210572,0.39244977100219847
305,GTEX-11NV4-0526-SM-5N9BF,4.172270341005744e-05,0.7194094060881069,0.06527069674267812,0.21527817446580488
306,GTEX-X4XY-0526-SM-46MW1,8.130939477678584e-05,0.5078525110644316,0.12151293688124189,0.37055324265954953
307,GTEX-13X6I-0926-SM-5LUAB,0.040052630494909265,0.26910096933105043,0.2786344619505835,0.41221193822345664
308,GTEX-1HBPH-0326-SM-CM2S8,0.0001381269740666973,0.5932603200700672,0.11015362901875923,0.29644792393710684
309,GTEX-11TUW-0926-SM-5EQMW,0.0001702535029225206,0.37012299151982353,0.21675111177597092,0.41295564320128303
310,GTEX-YJ8O-0126-SM-5QGRG,7.561676372203238e-05,0.4991094106618063,0.1396468985642683,0.3611680740102033
311,GTEX-1IDJU-2326-SM-ARL89,0.00011973805784122305,0.45647226616689385,0.10413323935285283,0.4392747564224122
312,GTEX-OXRO-1926-SM-2S1O3,0.00012228864373210835,0.5156586207145307,0.1148440256855226,0.3693750649562145
313,GTEX-TMMY-0626-SM-33HBD,0.0010966556858093032,0.6331244722779683,0.06624259502783147,0.29953627700839097
314,GTEX-ZTPG-0726-SM-5DUXP,0.000623973036540494,0.316400970127437,0.18915870167853274,0.49381635515748973
315,GTEX-14PJN-2226-SM-6872I,3.85549227561293e-05,0.6026314559676695,0.056438959782113426,0.3408910293274609
316,GTEX-14PN4-0426-SM-6AJ9N,5.156758103316453e-05,0.5548230632585106,0.0955792569087455,0.34954611225171067
317,GTEX-ZZPU-0226-SM-5N9BV,0.0005595830948659202,0.1893038242765109,0.24638897092125273,0.5637476217073705
318,GTEX-1I19N-1926-SM-CM2TF,0.000622603188782249,0.5658842683885282,0.1094481965098737,0.3240449319128158
319,GTEX-1122O-0426-SM-5H12G,6.32849761669634e-05,0.5574886255368682,0.0877130246670129,0.35473506481995193
320,GTEX-1EU9M-0426-SM-7SB8N,0.00012709625189462765,0.6031802505481301,0.10726763371177885,0.28942501948819643
321,GTEX-14C39-2626-SM-5S2QD,0.00012811821620275924,0.5156799324088089,0.09166419232050348,0.3925277570544848
322,GTEX-1EKGG-0826-SM-79OLL,6.663463705082239e-05,0.6178480724078533,0.10394758305666407,0.27813770989843173
323,GTEX-1M4P7-0426-SM-DKPQG,0.01020848517782677,0.5929923712264761,0.11410784639038345,0.28269129720531366
324,GTEX-13O3O-1126-SM-5KM4Q,0.00473048030532256,0.4981829767939414,0.15407796849867875,0.34300857440205734
325,GTEX-146FH-1326-SM-5NQBI,0.0003735560852650203,0.3940667315400236,0.18437667329819016,0.42118303907652127
326,GTEX-PWCY-0426-SM-48TCW,4.271495792537684e-05,0.6334849242932443,0.07171128675518583,0.29476107399364443
327,GTEX-16XZZ-1426-SM-7KUE3,0.05320767284702831,0.3809400533384817,0.17802560700210035,0.3878266668123897
328,GTEX-14ASI-1126-SM-5QGPN,0.15168774750595915,0.35950761915782,0.18191013810865087,0.30689449522757006
329,GTEX-13RTJ-2626-SM-7DHKR,0.08212409569358327,0.37493822911217634,0.16411138345750356,0.3788262917367367
330,GTEX-1CB4F-0726-SM-793AO,4.354028725584429e-05,0.7334143015816968,0.06532001309996154,0.20122214503108585
331,GTEX-QXCU-0226-SM-2TC5W,0.0010133286778427988,0.7165357376916612,0.08168924839866912,0.20076168523182697
332,GTEX-1HBPN-1026-SM-9YFLZ,0.0003237385554009098,0.38441189251534186,0.15782974991855675,0.4574346190107004
333,GTEX-OHPL-3026-SM-3MJGS,9.24033749995006e-05,0.48808675916799027,0.13138517856177018,0.38043565889524
334,GTEX-1IKOE-0826-SM-ARZME,0.00017782069599797936,0.31714144944710415,0.14679463325912784,0.5358860965977701
335,GTEX-1C4CL-0126-SM-7IGN5,3.9948176055601695e-05,0.622232295887641,0.07565742569655351,0.3020703302397499
336,GTEX-X4XY-1526-SM-4QASE,0.02690456795460258,0.3482464877234448,0.26509797784199574,0.35975096647995697
337,GTEX-147F4-1326-SM-5LU9V,0.044856288656646266,0.40899652049255286,0.1768571150504308,0.36929007580037004
338,GTEX-1LB8K-1126-SM-DIPEP,0.00037661125215468657,0.5779923781564824,0.12444443517745883,0.29718657541390414
339,GTEX-OIZG-0426-SM-3LK5W,0.0001569399524104899,0.5416280691781826,0.14567529615273375,0.31253969471667303
340,GTEX-ZAB5-2026-SM-5L3EQ,9.997866374742486e-05,0.6460107330398703,0.06455664925217132,0.2893326390442109
341,GTEX-1QW4Y-1926-SM-E8VO3,0.00014686881948229483,0.5706681757077579,0.11966174196083686,0.309523213511923
342,GTEX-14JG6-2026-SM-6EU2E,3.786247182953105e-05,0.5063954044151351,0.05913100395061255,0.4344357291624229
343,GTEX-QDT8-1026-SM-43V6X,0.00010507082821266629,0.46509613564208563,0.11543825549849672,0.41936053803120504
344,GTEX-17HHY-0526-SM-793BZ,3.7849365769279376e-05,0.7317006399061164,0.06716915232689635,0.20109235840121795
345,GTEX-O5YV-0626-SM-3LK64,0.0005681223962795177,0.3757014049101346,0.1656703175262311,0.4580601551673549
346,GTEX-13VXU-0526-SM-5K7V1,0.0009276023383043434,0.5543234499105023,0.13301513302665874,0.3117338147245346
347,GTEX-1JJEA-0726-SM-CYPSN,0.004146138868477061,0.4322245888749038,0.178367226961801,0.3852620452948182
348,GTEX-YB5E-2426-SM-5IFIV,0.0006144934061774464,0.3637531493332792,0.12116687157423617,0.5144654856863071
349,GTEX-147F4-0126-SM-5QGPV,0.01016501931098333,0.6692059169638591,0.09781342506327026,0.22281563866188725
350,GTEX-WHPG-2326-SM-3NMBP,0.00022190769895080644,0.6584312975081115,0.06997998507032621,0.27136680972261157
351,GTEX-Y8E4-1126-SM-5IFIA,0.00015956347565379816,0.46391551755309557,0.15733272017545996,0.3785921987957906
352,GTEX-QLQ7-0326-SM-DHXIO,0.0004896376752133072,0.3170183815918906,0.2528102624695763,0.42968171826331975
353,GTEX-1HCU8-1526-SM-ADEHG,0.000296520752675738,0.486157470089967,0.12956261222774879,0.3839833969296086
354,GTEX-Q2AH-0626-SM-48TZJ,0.00046824364019892677,0.2613216134515105,0.2871196986386091,0.4510904442696814
355,GTEX-14PN3-0426-SM-6LLIY,0.00010407890441223616,0.27164615272557485,0.10683041978988647,0.6214193485801265
356,GTEX-145MO-0626-SM-5NQAW,0.0008936705816039805,0.50107397933388,0.08720299741120796,0.41082935267330795
357,GTEX-13X6K-1926-SM-5LU4O,0.0010309336760803388,0.47528687365288214,0.14791194024210844,0.37577025242892914
358,GTEX-15CHR-0526-SM-79OLJ,5.7319501884102824e-05,0.5965128088172178,0.10671220030764365,0.2967176713732545
359,GTEX-1R9PO-0226-SM-E6CHS,0.005451214082362884,0.49218574254707953,0.16685815837063367,0.33550488499992404
360,GTEX-WFON-2526-SM-3LK7P,7.557773270381431e-05,0.5762602028559897,0.06966352155738971,0.3540006978539168
361,GTEX-1HSGN-1026-SM-CNPQ1,0.00047452719873901416,0.555349316586941,0.12289737161663092,0.32127878459768916
362,GTEX-PSDG-1026-SM-48TCV,0.0005825752755722831,0.38494010318806676,0.1671377423394496,0.44733957919691125
