i_doc,doc,Topic 1,Topic 2,Topic 3,Topic 4,Topic 5,Topic 6,Topic 7,Topic 8,Topic 9,Topic 10,Topic 11,Topic 12
0,GTEX-1GZ2Q-0011-R6a-SM-9OSWM,0.02347858145069625,0.025973365755617577,0.02743592818667958,0.011080003098239017,0.009331502502242395,0.06897668226654458,0.0006078062490958845,0.768291611767994,0.013112619435082217,0.005573673264893677,0.014251731151922725,0.03188649487099212
1,GTEX-RU72-0011-R5A-SM-2TF6U,0.021673343681678718,0.024692433659226756,0.024426035966055297,0.010119140615028919,0.0085590038952689,0.0630613334172418,0.00025546033342791706,0.78879697452843,0.010931649743924758,0.005229884580990017,0.013589566507770984,0.028665173070956153
2,GTEX-WHSE-0011-R3A-SM-3P5ZM,0.02028829553479695,0.024938127581814587,0.024805549972421435,0.00921714294175709,0.007588727602952724,0.045509375468347525,0.0002202857044428612,0.8100384553809455,0.012808961619015145,0.005597556574180021,0.010676652237442305,0.0283108693818838
3,GTEX-14PQA-0011-R1b-SM-6EU1G,0.03196157456942574,0.035004306008384896,0.04057909545561555,0.01675380373529319,0.015425825309787058,0.09079557681060882,0.00011255680268226168,0.6722697251354214,0.021643378321263795,0.007768883230377931,0.020817690421010657,0.04686758420012873
4,GTEX-13CF2-0011-R1a-SM-5LZY1,0.02211671471560606,0.027704778164185775,0.030765162435215987,0.01149049451217562,0.010450336752671579,0.06669904050430683,0.00028991788658974747,0.7585780565851595,0.01575619349288426,0.006703535827972256,0.015145675234462586,0.034300093888769624
5,GTEX-1B8L1-0011-R10b-SM-7P8Q4,0.015520913725050529,0.018759589298049877,0.017693142193480386,0.006680768370600742,0.005460272236877197,0.0397089676569977,5.831330620563076e-05,0.8570989468094194,0.008166796522492147,0.0037853796668743437,0.007543839441487386,0.019523070772464738
6,GTEX-1445S-3026-SM-5O9BR,0.020254875556175823,0.022100007526440923,0.025534243974370485,0.010081052728302996,0.009088531158042026,0.09546870013179075,0.03680697043253053,0.7161232804399504,0.013908052443754588,0.00438225500654011,0.014755227175340925,0.031496803426760485
7,GTEX-1B8SF-0011-R8b-SM-7P8SX,0.02333628252110889,0.026426290631302758,0.032535935445146935,0.0121933057858001,0.01091707608871465,0.07036566834094045,0.0040127936674857955,0.7433519573786509,0.01671108302508537,0.006764203474824624,0.015337085361494465,0.03804831827944499
8,GTEX-15ER7-0011-R7a-SM-6M46N,0.013839905249615236,0.016780829318232167,0.015557559337335753,0.006856956455244038,0.004958183704728316,0.03500218182490485,5.7251034453649567e-05,0.8692165963272181,0.007326319885024418,0.004623738594081402,0.008162886890320655,0.017617591378841387
9,GTEX-14ASI-0011-R5b-SM-6EU2M,0.018577631530417905,0.022041276471531573,0.021932104862793168,0.009006464770011883,0.007393444882286123,0.042414693360870455,0.00027481075648125536,0.8244341864674537,0.010849805280660865,0.0054114790810981805,0.012048571560748374,0.025615530975646308
10,GTEX-OHPN-0011-R1A-SM-2I5GB,0.03579198093157159,0.03666775985513894,0.04807015947410805,0.01719749803990556,0.020351831055492767,0.052453585410331016,0.02440039460183289,0.6470824861353592,0.029239987614783983,0.00801181821314573,0.021723239502882442,0.05900925916544786
11,GTEX-11DYG-0011-R5a-SM-DO928,0.01415175861279028,0.015877669556064927,0.016233613578236796,0.00601169955567029,0.005232971753282529,0.041355724342969045,0.00013845455986413247,0.8650147941188666,0.007529699613976127,0.0030344972786047857,0.006603092222448802,0.018816024807225613
12,GTEX-1B933-0011-R10b-SM-9OSVN,0.015647460193719646,0.019186966807959432,0.018530486583808542,0.006724133355661464,0.005629726417525439,0.0452832061951352,7.577864724971072e-05,0.8478722993744071,0.008287498891988153,0.0037227732528961536,0.008080535899880923,0.020959134379768155
13,GTEX-1IKK5-0011-R5b-SM-CL55B,0.022312375957063403,0.024903781273225935,0.02742876046203211,0.010889098609137785,0.009258591825132936,0.07343704170644223,0.0008393744439552782,0.7645685849476745,0.014139218218083385,0.005133515501551967,0.014077550563837827,0.03301210649186265
14,GTEX-1IY9M-0011-R7a-SM-D4P49,0.015121863362859853,0.016212652295797266,0.017185242925273465,0.006554612445937343,0.006114658621027494,0.04918920874306314,7.890506644363871e-05,0.8489359727448537,0.008283876695026268,0.0031854910722268303,0.00857746894038109,0.020560047087110053
15,GTEX-ZE9C-3026-SM-4WKHB,0.01728385588898189,0.020503555377077685,0.021762617712562854,0.007473864117353224,0.006716318326363254,0.06177900867807273,0.00018538129801817216,0.8141039014018253,0.010950013566142832,0.0037055549340805553,0.0104669313877933,0.02506899731172826
16,GTEX-1MJK2-3026-SM-EV7A5,0.04142143832614301,0.05524875589363888,0.06375858313594973,0.016977368998992826,0.017834272331972687,0.0392952283869042,5.420826907486734e-05,0.6203352987444981,0.03210995796727376,0.008163379077878414,0.026707509729407372,0.0780939991382663
17,GTEX-144GL-0011-R11b-SM-5P9F6,0.042431197429186794,0.0550732721933971,0.06454356310393632,0.01734094662276758,0.018044178438734283,0.04198168052538964,6.926100406734134e-05,0.6115491432505104,0.03355354024244172,0.008088852623863042,0.028797780957020284,0.0785265836086858
18,GTEX-13FXS-0011-R9a-SM-5K7UI,0.022913033647410447,0.02875132669042228,0.03175757964151581,0.011281134941518202,0.010445134836922563,0.10727934520727458,6.343619373467418e-05,0.7165711611050818,0.014427713500636765,0.006641662429616257,0.01413013137974644,0.03573834042612037
19,GTEX-11ZVC-0011-R1b-SM-5BC6M,0.033248475134978916,0.03732214380811961,0.042569766628680325,0.01798588250764963,0.015360326618361312,0.09363705478407613,0.00029382900516592954,0.657314412103504,0.02228832078455585,0.009207860262542144,0.022782929291000814,0.04798899907136521
20,GTEX-P44G-0011-R7A-SM-2I3F9,0.016144448257430513,0.018877672202475767,0.018466448076678844,0.008237407191283993,0.006131305112738073,0.045231957093073184,0.00032040712486317355,0.8406114433423465,0.009465592662995282,0.004652712389596096,0.009958726186624065,0.021901880359894686
21,GTEX-14C39-0011-R3b-SM-5YYA3,0.0263123716374674,0.029275810772339764,0.030834287208758998,0.012879901214688554,0.01123080187787097,0.06180341932087437,0.00015129716125733696,0.7522271808931459,0.0163299076035309,0.00586409642498059,0.016452689848202955,0.0366382360368822
22,GTEX-1GF9V-0011-R10b-SM-CKZNP,0.012802674975277348,0.014066237374988647,0.015429715018428122,0.005333531481336003,0.005077629050087853,0.05293536102259419,7.155199793184787e-05,0.8574633767602835,0.008553100493061058,0.002360331140964371,0.0069107353570404045,0.018995755328006608
23,GTEX-NPJ7-0011-R9a-SM-2TC5R,0.02707764090047411,0.027908794660696002,0.03587747461298621,0.014161413372631607,0.015642671481830593,0.11602801235741148,0.00552124824965205,0.672883261185931,0.018195613082846434,0.006366351238788579,0.01627989458068466,0.044057624276067284
24,GTEX-1313W-0011-R7b-SM-5DUWL,0.012849599044255765,0.015521025430092145,0.015129231667221516,0.005884733036060458,0.004654617111382214,0.04022268421430819,0.0001630735938845413,0.8712643262971419,0.006842789953590988,0.0037282395811381575,0.007005477142798221,0.01673420292812583
25,GTEX-13QJC-0011-R8b-SM-5S2U6,0.03832112993605508,0.042104788828657466,0.04713347558235434,0.02062876605571469,0.017100163126315755,0.054017283415412384,0.002689873126495894,0.6625399832247866,0.02469060413125705,0.00980474481944359,0.02697691889113889,0.05399226886236828
26,GTEX-Z93S-0011-R7b-SM-4RGNK,0.015280866700671037,0.019737754614903503,0.01923608874264756,0.00693877221199716,0.005393995873384968,0.03339095871000888,0.007401857900964238,0.8502054178590247,0.009018151382576526,0.004817751398688122,0.007778539409993766,0.02079984519513954
27,GTEX-1HSMO-0011-R2a-SM-CL553,0.025143018724701066,0.028073980106922265,0.033940078229271226,0.012641475072831374,0.011963198073834334,0.11283719924301654,0.0030337057865458122,0.6906544909597693,0.017207317090874107,0.005900463349778778,0.016614213551122272,0.041990859811333124
28,GTEX-1B996-0011-R10b-SM-CJI3T,0.025240491206541326,0.02745177329252275,0.030352837009924274,0.012845016172919482,0.011408016436198175,0.056151239855422565,8.641302033742188e-05,0.7551152707798902,0.0233760079958198,0.005152288743438729,0.014313399063824495,0.038507246423160904
29,GTEX-1B933-0011-R2b-SM-7IGNM,0.028734400800666863,0.03238131941424482,0.036351167810713104,0.01376104752106627,0.012068166390934937,0.11576583987478041,0.00014968856978627186,0.6751427522273533,0.017887907259854185,0.006825366541693664,0.018122727732105673,0.04280961585680057
30,GTEX-1GZHY-3026-SM-7MXVA,0.04016231112242547,0.05442356421881791,0.06289577601219706,0.017097168224738588,0.016466339949098286,0.04017249031807562,0.0001776328893456759,0.6256275625395297,0.03151976711709704,0.008089074916192292,0.028461433419735352,0.07490687927274708
31,GTEX-131YS-3126-SM-5KLYT,0.013614349051822478,0.016267270923303156,0.016607949595690435,0.0057125311823255105,0.005194175920374069,0.03916760877895485,5.5900068694390085e-05,0.8658342911746919,0.007971452690568884,0.0030585966434365096,0.0075853747747067915,0.01893049919543102
32,GTEX-WL46-2826-SM-3LK81,0.04163302434076204,0.057147621578574,0.06386720240231561,0.01675013977983893,0.01632228338559011,0.03568742332159991,6.74903108579218e-05,0.6262701080253903,0.03070408821925233,0.00847232241116202,0.027198219441563625,0.07588007678309312
33,GTEX-13G51-0011-R1a-SM-5LZYR,0.02325040424676601,0.028548586989459786,0.030624066425209113,0.01104700006213062,0.009556478458352056,0.09275945466755924,5.272560115559066e-05,0.7360273352528484,0.01393568195918151,0.006036294410838851,0.014307663173528046,0.03385430875297096
34,GTEX-1HR9M-0011-R5a-SM-ARU72,0.036825728306297704,0.041565957665802566,0.0415204542876065,0.021780933176945374,0.01608471761589337,0.09868365013553182,0.002845705505546676,0.6312717697190139,0.02158035607733072,0.012740262233954388,0.027389535172873472,0.04771093010320342
35,GTEX-11GSP-0011-R5a-SM-57WBE,0.021968140560964907,0.025791893070575847,0.024686822385884315,0.010453495454383337,0.008402312364568355,0.04545436735288503,0.00022551229590123142,0.8010639607546057,0.011719553530660906,0.005708755307572091,0.015246662672990694,0.02927852424900763
36,GTEX-16YQH-0011-R10b-SM-7LT8U,0.019688658684534392,0.02379967363797565,0.02491826478315532,0.00872539026822851,0.007743975633834325,0.046153881902639644,7.839738227188529e-05,0.8122256714994917,0.012839157141680727,0.004578415391523422,0.010791958559639707,0.028456555115024824
37,GTEX-13IVO-0011-R10a-SM-5LZY3,0.024040229683331117,0.027740642826709426,0.028754299080888245,0.01147142317165779,0.009605854135521275,0.05948608574234388,0.0009658547946755863,0.769394113272344,0.014895532608716731,0.0061851215010756645,0.014306019629001077,0.033154823553735266
38,GTEX-13VXU-3026-SM-5LU3K,0.04233175902535145,0.05693812383609503,0.06522758944956801,0.0176927595769669,0.017398917561062415,0.03418672003914846,6.082448952780707e-05,0.6178503476444046,0.03242633891933746,0.008580437867062108,0.0287884918336058,0.07851768975786999
39,GTEX-1HGF4-0011-R5b-SM-CM2ST,0.02460946457124949,0.027315243891256055,0.02683820893519692,0.012583924058553474,0.009489309719414687,0.05748472382034655,0.00016441668886272724,0.7767980528764187,0.012616136842268392,0.0063661034431534,0.014852965446360469,0.03088144970691902
40,GTEX-1EN7A-0011-R6b-SM-9QEHW,0.028890140353123192,0.03015547216066809,0.037037751438270525,0.014963923450494585,0.013450452589331733,0.10057084048167016,0.009653937639580258,0.6749081905009348,0.019918989653439016,0.0064404598435960185,0.020014914254677142,0.043994927634214614
41,GTEX-1B8SF-0011-R6b-SM-7MXUD,0.023540099098045303,0.026109921720297535,0.02730807264087505,0.01036043640189715,0.008892562464548986,0.047567332339460644,0.00018865737146814987,0.7923011177837721,0.012327834402733887,0.0051701552148017554,0.0144704011253351,0.031763409436764437
42,GTEX-13JUV-0011-R1a-SM-5LZY4,0.02713105738082662,0.0325522224280819,0.03358177918511897,0.013221784335062279,0.0107255046843123,0.0677897008351436,7.353866965279792e-05,0.7404029793135892,0.016498135184779123,0.007277706004690782,0.013895232169440839,0.03685035980930158
43,GTEX-16YQH-0011-R5b-SM-7938U,0.016630598580150036,0.01932225191907218,0.01828690034048218,0.007333103805948997,0.0056869184786303454,0.0329211516850043,5.252845316813647e-05,0.8583353946162925,0.008208566525382582,0.003922312384366152,0.00838957056161842,0.020910702649884115
44,GTEX-12WSC-0011-R9a-SM-5GU4U,0.02608972963500926,0.034709704514153936,0.0360253578712204,0.01370039838440299,0.011373461632521337,0.06554201981677114,0.00016420093129082013,0.7284366719756948,0.01692832860418158,0.01004024700069295,0.017330884122858,0.03965899551120271
45,GTEX-ZDXO-0011-R2b-SM-4WKFG,0.018224152669807266,0.024186829623697892,0.024950978074151347,0.010552241183873205,0.007150418559142439,0.08751460684741888,0.000922124858469504,0.7677064536336967,0.01203698229828964,0.008662532303721843,0.011211907519480327,0.026880772428250804
46,GTEX-12WSM-0011-R11a-SM-5DUX8,0.04240279953909706,0.057520218454116014,0.06445134692538686,0.017968072684632512,0.01743806960801918,0.04468428437500274,3.854091361155785e-05,0.6120534111589804,0.031773548128968765,0.00879469558994161,0.027115556824451843,0.0757594557977913
47,GTEX-13FLV-0011-R10b-SM-5LZZ2,0.016718452351353913,0.02046186041086655,0.02079443909244599,0.007790278517590202,0.006304146699304348,0.0532786504882603,5.3779887658189955e-05,0.8238954069910329,0.011194043095997563,0.004004188005492813,0.010847615876030746,0.024657138583966565
48,GTEX-1PIIG-2826-SM-DTX7O,0.04067047650699775,0.05332233378390913,0.06293499147228135,0.01720295810462519,0.01750294955947335,0.0421868683023868,0.00043376177768161773,0.6220709582379299,0.03137090623811701,0.00826914290137374,0.028968360514615425,0.07506629260060889
49,GTEX-14JIY-0011-R8a-SM-6AJAP,0.026082607865770283,0.03088561861869922,0.03249418451949631,0.011530355273621106,0.010653646558713583,0.07010648109055632,0.0007866482852467174,0.7428183770772671,0.015568788687205523,0.006451204345348851,0.0149865556187594,0.03763553205931547
50,GTEX-ZAB4-0011-R9a-SM-4SOKG,0.01615023353484394,0.015214021925134423,0.02131027996969285,0.008112335919862226,0.010148865351335868,0.4324893166469102,0.0007213379614174031,0.4328533354883185,0.021338647871374555,0.0029834505157000555,0.011050951782608617,0.027627223032801383
51,GTEX-1GZHY-0011-R11a-SM-C1YRQ,0.04368451388106352,0.05862109327207523,0.06824399647269987,0.01863103557801152,0.01852321390496733,0.032056674108373456,0.00044947561120124686,0.6027588204407262,0.035920396743266095,0.008941278002200749,0.03117908429344831,0.08099041769196662
52,GTEX-18464-0011-R10a-SM-72D6X,0.016788882094143386,0.02114277952527386,0.020029717692623652,0.007037969512501868,0.005936743773743671,0.04801912496135043,4.020595060931846e-05,0.836724110138275,0.009095304403507412,0.003970899147619135,0.008625148597189075,0.022589114203163216
53,GTEX-145LS-0011-R5a-SM-5SI65,0.01870812643990125,0.02276856167728786,0.021095612044845467,0.008916897204413129,0.006966756719130217,0.03950240784633627,0.0018159736459552667,0.8291441354951361,0.009715251149744251,0.005319835593649068,0.011744119593252191,0.024302322590348938
54,GTEX-13N1W-0011-R4a-SM-5MR52,0.022692788120740513,0.02547258843699729,0.028973145645415272,0.010845707831513708,0.009829243980818752,0.06052454815066016,0.00022429111362573897,0.7674150849431526,0.0192934218220541,0.005312617269649195,0.013361720507202487,0.03605484217817033
55,GTEX-X4XY-3026-SM-EWRM9,0.01662279942600219,0.019638947790525645,0.020434432716632457,0.007564403854470902,0.006310222564277084,0.029865294454225432,0.0019793067879026504,0.8495711249592633,0.010849006822933344,0.00425777939141987,0.009454458944725973,0.02345222228762108
56,GTEX-11GSP-0011-R1a-SM-9QEJ3,0.021600911817189823,0.026894976444543816,0.027284600074092166,0.010302264513181364,0.008055903747611776,0.05704882977718184,0.0008451350083758905,0.7847396100385102,0.013253608157828483,0.005962806671041276,0.01352383203520689,0.03048752171523644
57,GTEX-11DZ1-0011-R8b-SM-DNZZI,0.029171668401808466,0.030584150745066624,0.03466509182340415,0.013001919604362153,0.01365946471648899,0.05599892664864928,0.0003968497776754772,0.7426785864517368,0.017644581548216316,0.006150522420289263,0.01499028844822282,0.04105794941407955
58,GTEX-11EMC-0011-R8b-SM-DO91Z,0.012992741915526212,0.017481210939270662,0.01837328716791984,0.008186172025513045,0.005445711003986629,0.0483762940860572,0.020473348006323392,0.8242914319121432,0.00830901585307552,0.007348229445867831,0.008375229349792684,0.02034732829452392
59,GTEX-13OW5-0011-R6b-SM-5O9BW,0.04038969623333391,0.03924726018123215,0.0408665210759917,0.022425800233884016,0.017254279559301686,0.11860173133525108,0.0009025060474906279,0.6044334985198915,0.024816940161436075,0.008867094075965474,0.027725577959622247,0.05446909461659935
60,GTEX-17EVQ-2826-SM-7IGQK,0.019741055253692404,0.02246817285684636,0.023685041455637934,0.009384173212557403,0.008001189454668345,0.055082681417930136,0.004349747692770311,0.7996611970337338,0.01236500360461404,0.004702441756921407,0.012650642870941742,0.027908653389686306
61,GTEX-1EN7A-0011-R5a-SM-9QEH6,0.026619739688289616,0.028795666152255886,0.03265151513297448,0.01459776485409943,0.012190984120699412,0.13879445798585846,0.017558320828533452,0.6433981954225174,0.01819125201593956,0.007495676105038087,0.020345551565637585,0.039360876128156516
62,GTEX-13N2G-0011-R2a-SM-5MR4Q,0.026254045413105578,0.02906246706658602,0.03426143466058416,0.012841109906841291,0.011763739204394053,0.14842237812323408,7.815099073334229e-05,0.6547775825461285,0.017429252817838154,0.005908187586643656,0.017609244218331634,0.04159240746557948
63,GTEX-1JJ6O-0011-R11b-SM-EXUS2,0.03929975695114592,0.04902548581855433,0.05576800580954141,0.017018658925261294,0.016522172072217282,0.0649511219640739,0.00020436147831422857,0.6283094959393574,0.030078079706423656,0.008286876365594593,0.02353694452769068,0.06699904044182539
64,GTEX-15CHQ-0011-R1a-SM-COH27,0.0297568638703642,0.03457217580360656,0.03933719726783931,0.014621563154161873,0.0135485688951141,0.07376661406587594,0.0020250998060058413,0.6984609553414483,0.02152675128652921,0.007513892984631912,0.01969004051968588,0.04518027700473706
65,GTEX-1H3NZ-0011-R6b-SM-A9G1N,0.02831421557130821,0.03174542138943099,0.03542821573851528,0.012271820466077868,0.01179576561930877,0.05191658819825525,0.00026815888458693224,0.7478084663966639,0.016650166274030914,0.005834947400033107,0.017527362014597835,0.04043887204719092
66,GTEX-1F52S-0011-R7b-SM-9QEH8,0.0272315857473593,0.029452942236842833,0.03248762743283145,0.014680837633904075,0.012198951476276653,0.10187147606889634,0.0036341936621107425,0.6938618345850236,0.01786332644409095,0.0071899859353309935,0.020126290936459866,0.0394009478408733
67,GTEX-1H4P4-0011-R1b-SM-CL54V,0.012702478104932203,0.015530685008755417,0.020174139601947333,0.006516381001835066,0.0060417642633774854,0.0579991251132107,0.0033049396488613824,0.8335896250106244,0.009742880363440976,0.0036447124022168814,0.007303140008408947,0.023450129472389145
68,GTEX-14ABY-0011-R9a-SM-5PNZK,0.02136536396210703,0.026717946818307303,0.031077161951991006,0.010508833597449675,0.010544624282349485,0.08158931617211898,8.04296836381616e-05,0.7517639610282709,0.013806933821512483,0.006078818651590185,0.012175633106553802,0.03429097692411102
69,GTEX-Q2AG-0011-R11A-SM-2HMKZ,0.04025726492750772,0.05710453276920219,0.06118724866550371,0.017231109696028594,0.015799050982322562,0.03744869944511942,0.0001512083075266651,0.6363579112860982,0.028648644992740054,0.009112033393989673,0.025984376076637197,0.07071791945732403
70,GTEX-14BIN-0011-R11a-SM-5SI79,0.04188735276259614,0.056735506303181936,0.06478615617506406,0.018240916986191135,0.017860141045631668,0.03838233556860961,0.00010329651176532678,0.6154915179874461,0.03202762125694947,0.009092609248969504,0.02999128435601751,0.0754012617975775
71,GTEX-WZTO-0011-R4A-SM-3NMC7,0.0150463037507088,0.018205802245657206,0.019287553075238124,0.00622370908442792,0.005796272258406859,0.05586538739318814,0.0001190113624598888,0.8362796149867047,0.009918514611430515,0.003463904168596904,0.007755464507503913,0.02203846255567697
72,GTEX-17MF6-0011-R5a-SM-731BA,0.027950124245548855,0.030597333696174542,0.034244463292375446,0.015089203573999265,0.012942890610255843,0.13668611001694433,0.00012992231452263505,0.6572737814332035,0.018562066040647102,0.00690265178392879,0.01922723036725265,0.0403942226251471
73,GTEX-147GR-0011-R2b-SM-5S2RQ,0.01870600722739016,0.021667376904565883,0.02647898094569233,0.008878787324799747,0.00846670137840781,0.10679131410023181,0.0024864529669217164,0.745705950994081,0.012534261305163268,0.0046601734624822175,0.012367345591667077,0.03125664779859672
74,GTEX-13CF2-0011-R11b-SM-5LZXO,0.0425887849113919,0.05843296303635354,0.06641204685174723,0.01772934476621793,0.01766295400260089,0.03350432821241114,6.055768602592724e-05,0.614460907521227,0.032836179620285434,0.008908562412576673,0.029181454334560784,0.07822191664460156
75,GTEX-14ABY-0011-R5b-SM-5SI7B,0.017951521177437504,0.02172952718830294,0.021047562470725232,0.008290536602507897,0.006847394361296647,0.03459585016288908,0.00017636139816815696,0.8407627124822802,0.009435268450887803,0.005023906256644423,0.010845731695424347,0.023293627753435638
76,GTEX-16XZZ-0011-R9b-SM-7DHKX,0.032021900493238616,0.03582471984271278,0.03800709392496024,0.01925031844075642,0.014192068876889353,0.10841466607100145,0.002066591059684846,0.6551999097525669,0.01926617173060154,0.009937845705865126,0.021814704014011813,0.04400401008771101
77,GTEX-1E1VI-0011-R4b-SM-9QEHV,0.01770353777929038,0.019889136131334324,0.023828115312209467,0.008092122870574784,0.00759172943672196,0.06105314104261412,0.006507230821977247,0.7998886445756231,0.012577417542225373,0.00409760435973858,0.010249487286513988,0.028521832841176775
78,GTEX-13OVJ-2826-SM-5L3GW,0.024831746553758194,0.026129567111349523,0.02946354105633805,0.01252774852677541,0.011094420527506903,0.08295538098794074,0.020451801511261726,0.7169135849687478,0.017444698325629643,0.005245852462364584,0.016643928678025294,0.03629772929030207
79,GTEX-WHSE-0011-R10A-SM-EYYVG,0.019657495436156754,0.023722690574671135,0.023577769182134885,0.008954755494285486,0.0076833989913514845,0.046545027161050107,0.00013389789817809305,0.8140761644947788,0.012663359909244644,0.004822386637775454,0.010418769252285848,0.02774428496808732
80,GTEX-15SHU-3026-SM-6LPIB,0.03587651656595866,0.0551438147385277,0.054488701849025926,0.016782013782508272,0.014756801228240673,0.12519607565117272,0.0005475212339340461,0.5661314003840063,0.025836112457516654,0.020630859772557294,0.024054696908315517,0.060555485428236216
81,GTEX-1C6VR-0011-R6a-SM-7MXU8,0.025585272909664773,0.02753826910737417,0.030638051989835574,0.011149422485475416,0.010343786820459555,0.05139758768174235,0.0001858273494987204,0.7708660700021481,0.014767692761059647,0.00513974103479364,0.016456080639983033,0.03593219721796506
82,GTEX-WWYW-0011-R5A-SM-3NB3E,0.021237884523281073,0.024012205532565306,0.024146066057059355,0.01025760416791497,0.00851530942677608,0.05435705344169137,0.00023761942100406557,0.7997159831968428,0.012200250739801079,0.005197602464837068,0.01205303601889017,0.028069385009336686
83,GTEX-1IY9M-0011-R9b-SM-D3L8J,0.019788374873497105,0.02343638437327528,0.028833818377507866,0.009514343719387594,0.010404960581177921,0.09520548402975643,4.9174700603798934e-05,0.7486329908679602,0.013709456372613688,0.005200775258846971,0.01141924457905348,0.033804992266319736
84,GTEX-1F75B-0011-R5a-SM-9QEHC,0.04850277203943892,0.052096477223714764,0.053824403430026195,0.027671386145752378,0.02058823716041202,0.09446255346029195,0.0018100922751480633,0.554875911725004,0.029307664833075956,0.011510671524362387,0.03820084947165319,0.06714898071112026
85,GTEX-1GN2E-3026-SM-9WG6I,0.015458050862692602,0.017197606559199743,0.018859052975794197,0.006865618464392885,0.0060888281647662286,0.05761780758267278,8.726665282818967e-05,0.8322367054850665,0.009751091490043691,0.0031002042685600332,0.009998478316975392,0.02273928917700767
86,GTEX-13FHO-2926-SM-5L3ES,0.04180773905422249,0.05269192735116222,0.0634553839582819,0.017725483943612542,0.017767253203563302,0.044172783861668924,0.0005401913357562127,0.6131029312337686,0.0335430999891044,0.007972263660417681,0.030275681002715868,0.07694526140572566
87,GTEX-ZVZQ-0011-R11a-SM-51MS6,0.04195993445882848,0.057286790219751686,0.06348395444526324,0.01762549738846192,0.016876024879547313,0.03571054130865761,0.00015018403889548136,0.6259067804308703,0.03215269742125754,0.008683687417155113,0.026091594629216404,0.07407231336209501
88,GTEX-NL4W-0011-R5a-SM-2I3GD,0.02835030834685099,0.031784221612786705,0.034247399904615616,0.014236386923142458,0.013027948614853319,0.04240887758552919,0.0012821285649413949,0.7518733722835117,0.017834280758074795,0.006882849606372508,0.017654940518867186,0.04041728528045411
89,GTEX-T2IS-0011-R3A-SM-32QPB,0.021923864028811878,0.026997423480437936,0.02601064274975297,0.00920599317481146,0.008041975766326493,0.047748153019801294,7.327135692130968e-05,0.8049160311099283,0.011235388699229371,0.005625501358127718,0.010162755439597597,0.028058999816253618
90,GTEX-1A3MX-0011-R8a-SM-7P8PI,0.051736829698085636,0.052865681331516666,0.05885968720303653,0.02666044698379362,0.021439081477054426,0.06764741371355773,0.008222260521913471,0.5692432278672912,0.030886604072454756,0.012945403665091912,0.03330270393182962,0.06619065953437438
91,GTEX-Y8DK-0011-R8B-SM-EYYVQ,0.020795677639229387,0.02533760819489491,0.02806392353829087,0.011123902206201635,0.008653974204563349,0.06457772933022417,0.004591436018169814,0.7700913932259601,0.013747870399130026,0.007252679904564261,0.013820732631031021,0.031943072707740425
92,GTEX-ZZPT-3026-SM-5GZXH,0.03020000920704043,0.0359829276453418,0.03551651696769387,0.015521308296709951,0.012615277458793789,0.04737529850066777,0.00034498549358234396,0.7384340550701849,0.01757661774627996,0.009039284602999574,0.01909489631098064,0.03829882269972501
93,GTEX-12ZZX-0011-R10b-SM-5DUWK,0.016676832615765594,0.02088375925269948,0.019851419376016997,0.007219076624789413,0.005742412428287151,0.03458399556139298,3.6813908873021075e-05,0.8512415830771327,0.00894801470587094,0.004149882193560828,0.008711495451887928,0.02195471480372301
94,GTEX-1ICLZ-0011-R8b-SM-ACKX4,0.024174515265017057,0.02638032613583759,0.033194287964731124,0.011082337739559765,0.011869249522779545,0.12274621140917079,0.007109950965922173,0.6850088996870103,0.01766815096717839,0.005128570331945753,0.014737732626953394,0.04089976738389426
95,GTEX-13FLV-0011-R6a-SM-5KLZ4,0.02296305235495013,0.025069223621745188,0.027603790244119512,0.010018870442938031,0.009224732814166423,0.061522971895572265,4.974614774911933e-05,0.7781192277736596,0.013808430866084019,0.004422728319726851,0.014269397507231564,0.032927828012057236
96,GTEX-14ASI-0011-R1b-SM-5S2TY,0.0181451160146444,0.02353443880841115,0.02437446369150845,0.008637430040438139,0.006684088918720451,0.05575053476183649,7.885444445749856e-05,0.8098259790926199,0.011003398194007202,0.0051038780466387225,0.010598229839664191,0.02626358814705317
97,GTEX-QMR6-0011-R2A-SM-32PKV,0.03433724637574573,0.03748409691418728,0.039762104507987506,0.019381398919939202,0.013805273442715578,0.11768435376420519,0.00015420823060197962,0.6405006820722086,0.019626658274742165,0.008742930249660084,0.022943094935349483,0.04557795231265713
98,GTEX-13G51-0011-R7b-SM-5LZXG,0.012734344687628085,0.015532293393837375,0.015169874132595209,0.005614977125956511,0.004582418157670339,0.04017110002542369,0.00011970289559181593,0.871493609339648,0.0068058588093144025,0.003408880794710718,0.007205828947185167,0.017161111690438633
99,GTEX-1C6WA-0011-R5a-SM-9WG5X,0.011590371958130055,0.01306937558542546,0.013225145895467532,0.005050246346444143,0.004385148064602096,0.032869804798854436,0.00023614354911523518,0.8884000082208762,0.006095849112133556,0.0028951268408406337,0.006480486207153624,0.01570229342095702
100,GTEX-XAJ8-0826-SM-47JY6,0.062455515384484815,0.042765840625097945,0.08729937174101736,0.05005878543066961,0.06070604374277541,0.012819253690330728,0.00019895776258978227,0.034677523177956374,0.48536012617309615,0.014368711203039064,0.0408356112094622,0.10845425985948066
101,GTEX-15RIG-0226-SM-7KFTL,0.04328216305527628,0.029545321699376795,0.06918709171152082,0.0314047801858949,0.05281195224644951,0.0067648212348162635,0.00014194406068350187,0.02539098952281728,0.610402551108912,0.006690216141428047,0.02681638159254135,0.09756178744028328
102,GTEX-12KS4-0326-SM-5EQ41,0.05396019290935933,0.040599848758306425,0.09755564264883694,0.04088994710771791,0.054670069912643844,0.010314901927462657,0.00011284099878516449,0.038561935874403507,0.5049000657178901,0.00920542889264413,0.03334249891176932,0.11588662634018063
103,GTEX-13CF3-2426-SM-5IFGX,0.04161709858201864,0.0290212135501936,0.06493764403123896,0.03330440635428096,0.04462214382955066,0.008764647561732002,8.913423509363529e-05,0.02889258981044753,0.6226489259120304,0.005515191008973116,0.025841021379202685,0.09474598374523778
104,GTEX-15G1A-0008-SM-E76Q5,0.16794333956345114,0.07354873309849179,0.1714555030312011,0.06692166887591783,0.1499770468592372,0.01442516060831067,4.281203802835023e-05,0.061072511936645646,0.0786348524014431,0.016010015334330035,0.04500810261760643,0.1549602536353368
105,GTEX-12WSJ-1826-SM-5GCNY,0.055881016710027605,0.035158641279255894,0.07738103130069628,0.046719125351759684,0.054286411442426734,0.00879328799398759,0.0002365162610245085,0.030096268017125696,0.5376235210236454,0.008347507348118092,0.04389840202194711,0.1015782712499853
106,GTEX-R53T-0008-SM-48FEW,0.14675166405326642,0.08411378178517391,0.1908873452088676,0.07292447083323697,0.13161459317832058,0.014241167962310848,4.71739716581524e-05,0.05100145458492716,0.09252151714146238,0.0187994647498363,0.0494490301094388,0.14764833642150085
107,GTEX-QXCU-0008-SM-48FCH,0.1560245723488096,0.08034379842299204,0.18169182515557145,0.06626414562660447,0.14218061324327785,0.012748882589791432,4.106393499024539e-05,0.05989536530046796,0.08389207890827513,0.019071913183419536,0.045844289341749216,0.15200145194405107
108,GTEX-ZVZP-0008-SM-51MSX,0.1718891114003069,0.06977187094326108,0.168597837000971,0.06466709957879212,0.15752088305888473,0.013395016648263843,0.0009934840689484413,0.06246613944133958,0.07818873078919893,0.017255846952627985,0.039716418551759454,0.15553756156564585
109,GTEX-V1D1-2226-SM-3NMAX,0.06773227967622465,0.07964555468949096,0.11102926942537938,0.054400728572138034,0.059693899162398166,0.012929691714349306,0.0001437242937331133,0.045853524948705884,0.3512607879063995,0.05708653490453792,0.04281591787102959,0.11740808683561352
110,GTEX-1LKK1-2626-SM-DKPQE,0.04019535191473108,0.026774601291358606,0.060690300063593924,0.03463148844740877,0.0462886010517383,0.007122793656431704,0.0024468136433773396,0.02338916507162574,0.633944663498198,0.005407749514835886,0.0254487584827722,0.09365971336392845
111,GTEX-16MT8-0426-SM-7KUEY,0.054016662103291785,0.03984809073912735,0.08442240837079622,0.04326014921296457,0.056447396948743116,0.009012092703219135,4.8475727565133336e-05,0.030553057003355387,0.5201435001589906,0.011560560901634473,0.036365700770681034,0.11432190535963124
112,GTEX-P4PP-0008-SM-48TDV,0.14537217392430996,0.07247018873023964,0.17768040615751005,0.055188771953805185,0.16032432451814554,0.014509193216296066,4.428919542145483e-05,0.06298008692329497,0.09103926627441757,0.016485322863514736,0.03884790507154359,0.16505807117150134
113,GTEX-1LB8K-0726-SM-D5OV2,0.05282685504140946,0.04158517630992774,0.09987567473981632,0.03406757559363333,0.06305165126717353,0.006466576624574698,6.776589771551274e-05,0.040335879210045444,0.5012756281154842,0.007372695964781164,0.031676563440879144,0.12139795779455949
114,GTEX-15SKB-2826-SM-6PAMH,0.04659327637182978,0.03473018579346706,0.07779185195989893,0.03323342050015444,0.06194869113010647,0.01025168357367847,0.0003020773783202584,0.03145425831731656,0.5693284720214368,0.00503807219991921,0.02405342565515979,0.10527458509871233
115,GTEX-17EUY-0426-SM-793BD,0.03469330084234544,0.02172889599263499,0.04473778433011937,0.039934428338956794,0.029126179545001213,0.010223430222130505,3.9840436738423703e-05,0.01836103104162311,0.6986922377371633,0.006835126523423552,0.024410496824052046,0.07121724816581128
116,GTEX-YEC4-0008-SM-4W1YR,0.14777632983782063,0.059881850629711825,0.1690017829244923,0.05502350662094473,0.16491245015007802,0.014176480022664506,7.851278058216146e-05,0.06281502086631803,0.09936952961389708,0.010724956263262196,0.038005795360677476,0.17823378492955103
117,GTEX-1H1DG-0126-SM-9WYU2,0.035585550963444026,0.026339794048417867,0.055553077241174365,0.03213179680204177,0.03835187785265192,0.005179598152239137,7.668623885100316e-05,0.021168695708234993,0.6719842597735219,0.007199652875585211,0.026044541678482212,0.08038446866535547
118,GTEX-14A6H-2026-SM-5Q5DD,0.062232207098450065,0.049383944895218045,0.10874789715609447,0.03735147910674511,0.07311068107895476,0.010777055244281197,0.0002653411781469205,0.050376496471637715,0.42908936246701085,0.008085206628281473,0.03333299777421864,0.13724733090096078
119,GTEX-1IE54-0126-SM-CMKHW,0.07120369653625332,0.05548536924845206,0.10472122656651353,0.05887301158120444,0.05987559674821975,0.011697065462147289,0.0004657405635181288,0.045398614419992656,0.40550841857401265,0.017853191008278698,0.05235646417322903,0.11656160511817851
120,GTEX-14XAO-1226-SM-6EU1C,0.046478928223199614,0.029914729119421314,0.07252372367758765,0.028745110311894286,0.059594861494473544,0.006385569365562946,4.583295326301806e-05,0.0352264994109044,0.5798429897214905,0.004785432223531808,0.023511640254087446,0.11294468324458354
121,GTEX-X5EB-0008-SM-46MU3,0.15181007775457836,0.08947499283529997,0.17669778737240432,0.09757787408661643,0.10529447581146527,0.012426444057978268,8.856083093595719e-05,0.050463698497209886,0.08314331714208409,0.022906832933243998,0.07884740049480855,0.13126853818337503
122,GTEX-1MJK3-0726-SM-E6CJC,0.07905040190286115,0.032107982735581485,0.08438437143048753,0.03550864778558718,0.05515138992541881,0.009089315782400083,0.0008035009049957484,0.029510942626760885,0.5341673619174611,0.007408364234728658,0.028675765975609117,0.10414195477810834
123,GTEX-NL3H-0008-SM-4E3HU,0.15161358167343542,0.07360107659155672,0.1822390248503816,0.05961363188175831,0.15594028731456575,0.012991903584230104,4.316423218426865e-05,0.05749732152943716,0.08736189342755771,0.015463760357302727,0.04299043910953831,0.1606439154480519
124,GTEX-133LE-1826-SM-5J1MV,0.06481243688920824,0.04192076257426853,0.09528373169336654,0.04976738067858269,0.06885844260308813,0.009673899814826591,0.00020024624691293997,0.0381352816342004,0.45742224221772787,0.008670580462724004,0.04821729920967879,0.11703769597541532
125,GTEX-12696-0008-SM-5TDBX,0.17090383827597772,0.07005753177730813,0.1653576123426123,0.06387529100645234,0.15352018182358607,0.015063690754026955,4.579466566476874e-05,0.07160225551846439,0.07633859180739432,0.014963449399991485,0.04118806235080581,0.1570837002777158
126,GTEX-14JG6-1426-SM-9WG7C,0.2144273284014509,0.019271303662232148,0.06653741743146757,0.028133905837879766,0.027083456426613736,0.0060478288254838634,4.342505221939506e-05,0.015702386174126955,0.5324142210751266,0.0044420567675076865,0.0252258401492769,0.06067083019661438
127,GTEX-1LB8K-0226-SM-EWRNW,0.029923247914010107,0.023144554481687077,0.05957691679371501,0.02010221343629985,0.038353297445620355,0.006203521461794,9.882254944254118e-05,0.026557383915586086,0.6922281733925894,0.004820932437442551,0.01643979974494197,0.08255113642687115
128,GTEX-15CHC-0008-SM-E9U4J,0.15390946684078585,0.06864624977198518,0.17366276353594656,0.05643379740209931,0.17085906317304936,0.013890876375982878,4.407431203344938e-05,0.06547252756076917,0.0813168222366541,0.01629224365972343,0.03663090921492951,0.1628412059160413
129,GTEX-XQ8I-0426-SM-4BOPO,0.07482163645342575,0.03551152539824843,0.08720680469437156,0.06492644980064459,0.06190186024438523,0.00983098740444127,0.0016862860442081716,0.02978302477986245,0.43770450248943477,0.00974235654807677,0.0637580381316267,0.12312652801127434
130,GTEX-1CAMR-1926-SM-7EPI2,0.1009457191684547,0.03597150262548355,0.08819147576709742,0.0403925328916256,0.05279422741135445,0.013446443046960603,0.0003912429163348501,0.034719516081639146,0.4828718309707461,0.00840856004245459,0.03690352766770888,0.10496342141013995
131,GTEX-ZT9X-1526-SM-5DUXD,0.043577830309904524,0.029811466239792157,0.07900906049028365,0.024328326194107023,0.05791065325837009,0.009449964974578546,5.545143475961155e-05,0.03806225162502182,0.5787139213594422,0.004839729048546082,0.022417290396127026,0.1118240546690673
132,GTEX-147F3-1726-SM-5SIAW,0.07922024210920142,0.057357245872112744,0.11226003512550707,0.06116877501901992,0.0799844129009697,0.017805545227218517,0.0003806454208075704,0.04338490924082821,0.3522004835727582,0.01564264605579368,0.051646739570637354,0.12894831988514555
133,GTEX-18QFQ-0008-SM-EAZD7,0.15608129246378682,0.06658922694230886,0.16548476482096813,0.05718902978089134,0.16775681890809327,0.015214742500064764,4.008829137928903e-05,0.06629960455939567,0.08541021699943244,0.013714875832789186,0.03826224449742059,0.1679570944034696
134,GTEX-ZUA1-2626-SM-5NQ92,0.11104205343969016,0.052513996510218396,0.10610980387697008,0.0377960126851262,0.05877987015305325,0.01210441093841267,0.0009121787313035786,0.049310137030395836,0.39545911216732904,0.014324827948757831,0.03867423508739491,0.12297336143134814
135,GTEX-18A7B-0008-SM-EAZBQ,0.16590245899529144,0.06886540697928008,0.17143165584632578,0.06150336026248598,0.16409249129549505,0.012630061281260846,4.11005043195662e-05,0.06064425607176489,0.0797692593426239,0.016220440682389557,0.03911348970916436,0.15978601902959844
136,GTEX-X5EB-1926-SM-4E3IW,0.0677758276324809,0.04797626627980166,0.109262180466157,0.04669820184546331,0.07174681434274362,0.01140456507907768,0.00030572225502788685,0.04347986388353062,0.4230759499681581,0.009130059424808948,0.041249410037352954,0.12789513878539735
137,GTEX-13U4I-2226-SM-5LU5H,0.06775020867163827,0.05188393967548307,0.11427020769213839,0.04205083102917878,0.07821464643475576,0.029563439273752417,7.144235666667853e-05,0.06408376114059099,0.35841546516607525,0.009805145649305078,0.04381872668855896,0.14007218622185635
138,GTEX-QDT8-0126-SM-48TZ1,0.06955202103688063,0.050453225067183353,0.092145723515011,0.0718191329165859,0.05759179168509471,0.01412796460856316,6.224627311631686e-05,0.03455557784162741,0.42824701130344667,0.013787471031941709,0.06074009720410226,0.1069177375164468
139,GTEX-1LG7Y-0526-SM-DKPQC,0.06833198718581404,0.0491585972747665,0.10694446999004803,0.04345947778159632,0.06616620784321842,0.011160986020522656,0.018573839821330342,0.04580831299909139,0.41286066735637195,0.011644544743966432,0.039320509991529515,0.12657039899174446
140,GTEX-1M4P7-0226-SM-DIPEV,0.06864164575803898,0.0589606825248549,0.11658500087395589,0.04984332182620973,0.06871169289901971,0.030398345441877823,0.00029211157032108556,0.0554181593344809,0.368854744907829,0.014767010652903473,0.03979596273858675,0.12773132147192182
141,GTEX-12WSF-1626-SM-7KUG5,0.08148480921814721,0.04176098411517379,0.09413352896600849,0.0351934370191282,0.05828928469348391,0.014088950112086053,6.524016721136576e-05,0.0398862838823266,0.47261714475455124,0.011244677155869466,0.03229076199987338,0.11894489791614017
142,GTEX-XPT6-0008-SM-4B64Q,0.15345396821055923,0.08065191601859475,0.17626736494996575,0.0796237214644091,0.12547343870062613,0.01299711198365922,0.00020755479691367783,0.05347397444699918,0.09005824198420138,0.01898194222697942,0.06204409443273773,0.14676667078435443
143,GTEX-1JJEA-0326-SM-CNPOT,0.02708954124287656,0.020242726072224677,0.05387848846972846,0.01825535438638019,0.035815618806578284,0.005548990347916908,0.0012120422437318253,0.027023439550422756,0.7118752636578253,0.0034230849877555157,0.014097762252389723,0.08153768798216994
